71.8179 67.7827 65.8154 62.4138 65.2038 57.3224 66.8474 59.5185 57.735 60.9087 65.7953 53.2456 64.6371 66.4278 58.3587 62.8802 68.5482 70.9974 68.2027 65.2831 65.8596 62.4704 63.8832 57.5299 67.5224 66.1813 63.0393 61.2067 66.4558 66.4869 87.1557 66.6463 71.3968 64.983 52.072 61.1126 64.4345 64.7306 63.4249 61.5714 68.0034 71.6865 57.3942 60.9812 59.8871 59.2082 51.4091 59.8995 66.4144 62.9289 63.7446 64.287 52.0709 56.7392 49.9689 60.4993 53.2249 50.1679 53.6509 59.4857 32.8029 64.9252 58.437 51.8211 60.3373 62.3812 65.1769 64.9998 50.3858 61.5419 61.8609 61.6275 51.2904 67.0297 65.0609 62.1133 58.5665 57.2102 61.9355 79.3863 60.3447 64.4719 60.2452 51.2855 
0 0 0 0 0 0 0 0 0 0 0 0 0 0 0 0 0 0 0 0 0 0 0 0 0 0 0 0 0 0 0 0 0 0 0 0 0 0 0 0 0 0 0 0 0 0 0 0 0 0 0 0 0 0 0 0 0 0 0 0 18.0402 0 0 0 0 0 0 0 0 0 0 0 0 0 0 0 0 0 0 0 0 0 0 0 
0 0 0 0 0 0 0 0 0 0 0 0 0 0 0 0 0 0 0 0 0 0 0 0 0 0 0 0 0 0 0 0 0 0 0 0 0 0 0 0 0 0 0 0 0 0 0 0 0 0 0 0 0 0 0 0 0 0 0 0 17.2095 0 0 0 0 0 0 0 0 0 0 0 0 0 0 0 0 0 0 0 0 0 0 0 
0 0 0 0 0 0 0 0 0 0 0 0 0 0 0 0 0 0 0 0 0 0 0 0 0 0 0 0 0 0 0 0 0 0 0 0 0 0 0 0 0 0 0 0 0 0 0 0 0 0 0 0 0 0 0 0 0 0 0 0 17.8505 0 0 0 0 0 0 0 0 0 0 0 0 0 0 0 0 0 0 0 0 0 0 0 
72.5796 65.2432 69.5938 62.0239 64.6262 58.1571 68.0942 61.8727 60.1716 58.244 65.7998 55.2913 64.8676 66.0492 59.7051 62.0025 66.4704 75.022 67.6467 66.5967 64.8311 62.8029 63.5419 59.7667 66.2406 67.1819 64.9189 61.2355 66.8295 67.1724 83.8353 66.8364 71.9263 67.3465 50.8535 60.1549 66.2475 64.9751 66.7736 60.6116 67.664 73.2914 56.9983 62.919 62.1122 60.3431 53.4704 60.2429 68.3053 62.5851 66.3969 64.8529 51.3438 57.186 51.2088 59.1308 53.006 50.8961 54.9668 60.0244 33.6617 66.0891 60.1416 51.8517 61.1465 63.7304 65.7515 64.5432 51.6971 63.4122 60.6545 60.9251 52.2798 66.9083 67.2433 60.4432 57.5005 58.1575 62.2006 79.6541 60.8534 67.5929 61.3647 52.4751 
0 0 0 0 0 0 0 0 0 0 0 0 0 0 0 0 0 0 0 0 0 0 0 0 0 0 0 0 0 0 0 0 0 0 0 0 0 0 0 0 0 0 0 0 0 0 0 0 0 0 0 0 0 0 0 0 0 0 0 0 18.5403 0 0 0 0 0 0 0 45.4647 0 0 0 0 0 0 0 0 0 0 0 0 0 0 0 
0 0 0 0 0 0 0 0 0 0 0 0 0 0 0 0 0 0 0 0 0 0 0 0 0 0 0 0 0 0 0 0 0 0 0 0 0 0 0 0 0 0 0 0 0 0 0 0 0 0 0 0 0 0 0 0 0 0 0 0 18.4836 0 0 0 0 0 0 0 0 0 0 0 0 0 0 0 0 0 0 0 0 0 0 0 
0 0 0 0 0 0 0 0 0 0 0 0 0 0 0 0 0 0 0 0 0 0 0 0 0 0 0 0 0 0 0 0 0 0 0 0 0 0 0 0 0 0 0 0 0 0 0 0 0 0 0 0 0 0 0 0 0 0 0 0 17.2523 0 0 0 0 0 0 0 0 0 0 0 0 0 0 0 0 0 0 0 0 0 0 0 
0 0 0 0 0 0 0 0 0 0 0 0 0 0 0 0 0 0 0 0 0 0 0 0 0 0 0 0 0 0 0 0 0 0 0 0 0 0 0 0 0 0 0 0 0 0 0 0 0 0 0 0 0 0 0 0 0 0 0 0 17.3818 0 0 0 0 0 0 0 0 0 0 0 0 0 0 0 0 0 0 0 0 0 0 0 
0 0 0 0 0 0 0 0 0 0 0 0 0 0 0 0 0 0 0 0 0 0 0 0 0 0 0 0 0 0 0 0 0 0 0 0 0 0 0 0 0 0 0 0 0 0 0 0 0 0 0 0 0 0 0 0 0 0 0 0 17.9259 0 0 0 0 0 0 0 0 0 0 0 0 0 0 0 0 0 0 0 0 0 0 0 
0 0 0 0 0 0 0 0 0 0 0 0 0 0 0 0 0 0 0 0 0 0 0 0 0 0 0 0 0 0 0 0 0 0 0 0 0 0 0 0 0 0 0 0 0 0 0 0 0 0 0 0 0 0 0 0 0 0 0 0 17.5837 0 0 0 0 0 0 0 0 0 0 0 0 0 0 0 0 0 0 0 0 0 0 0 
97.574 88.7037 90.8904 86.2961 92.7648 92.8273 92.9815 91.3914 79.8357 91.4318 92.5941 92.075 90.6731 94.6037 93.213 83.1217 90.3566 98.9995 91.5326 95.0897 89.2433 80.8148 86.3777 77.744 91.4847 90.2061 83.4994 83.085 91.5387 91.9493 108.893 95.0975 95.0231 89.8176 91.7799 86.5083 88.2979 89.9296 90.4273 90.3034 94.8852 100.42 84.3267 89.8361 85.5556 88.4755 86.7984 90.4074 94.8766 88.5918 85.7607 90.0943 43.0617 92.3439 86.804 89.1891 88.4815 78.0486 86.4606 87.618 18.1198 90.5256 85.7357 88.38 82.8804 89.2813 91.4451 89.8642 77.481 87.5484 82.2638 87.4685 66.8526 90.2984 91.0497 85.1793 80.7411 80.1589 88.3536 103.787 91.2586 91.2468 87.053 91.2488 
0 0 0 0 0 0 0 0 0 0 0 0 0 0 0 0 0 0 0 0 0 0 0 0 0 0 0 0 0 0 0 0 0 0 0 0 0 0 0 0 0 0 0 0 0 0 0 0 0 0 0 0 0 0 0 0 0 0 0 0 17.8729 0 0 0 0 0 0 0 0 0 0 0 0 0 0 0 0 0 0 0 0 0 0 0 
0 0 0 0 0 0 0 0 0 0 0 0 0 0 0 0 0 0 0 0 0 0 0 0 0 0 0 0 0 0 0 0 0 0 0 0 0 0 0 0 0 0 0 0 0 0 0 0 0 0 0 0 0 0 0 0 0 0 0 0 18.2299 0 0 0 0 0 0 0 0 0 0 0 0 0 0 0 0 0 0 0 0 0 0 0 
0 0 0 0 0 0 0 0 0 0 0 0 0 0 0 0 0 0 0 0 0 0 0 0 0 0 0 0 0 0 0 0 0 0 0 0 0 0 0 0 0 0 0 0 0 0 0 0 0 0 0 0 0 0 0 0 0 0 0 0 17.4651 0 0 0 0 0 0 0 0 0 0 0 0 0 0 0 0 0 0 0 0 0 0 0 
0 0 0 0 0 0 0 0 0 0 0 0 0 0 0 0 0 0 0 0 0 0 0 0 0 0 0 0 0 0 0 0 0 0 0 0 0 0 0 0 0 0 0 0 0 0 0 0 0 0 0 0 0 0 0 0 0 0 0 0 17.73 0 0 0 0 0 0 0 0 0 0 0 0 0 0 0 0 0 0 0 0 0 0 0 
0 0 0 0 0 0 0 0 0 0 0 0 0 0 0 0 0 0 0 0 0 0 0 0 0 0 0 0 0 0 0 0 0 0 0 0 0 0 0 0 0 0 0 0 0 0 0 0 0 0 0 0 0 0 0 0 0 0 0 0 18.3763 0 0 0 0 0 0 0 0 0 0 0 0 0 0 0 0 0 0 0 0 0 0 0 
0 0 0 0 0 0 0 0 0 0 0 0 0 0 0 0 0 0 0 0 0 0 0 0 0 0 0 0 0 0 0 0 0 0 0 0 0 0 0 0 0 0 0 0 0 0 0 0 0 0 0 0 0 0 0 0 0 0 0 0 18.132 0 0 0 0 0 0 0 0 0 0 0 0 0 0 0 0 0 0 0 0 0 0 0 
0 0 0 0 0 0 0 0 0 0 0 0 0 0 0 0 0 0 0 0 0 0 0 0 0 0 0 0 0 0 0 0 0 0 0 0 0 0 0 0 0 0 0 0 0 0 0 0 0 0 0 0 0 0 0 0 0 0 0 0 17.1945 0 0 0 0 0 0 0 0 0 0 0 0 0 0 0 0 0 0 0 0 0 0 0 
79.7954 71.4323 72.9669 69.0314 75.6388 75.8777 74.4905 76.7515 63.8888 73.8486 74.3053 70.967 75.5782 77.4027 73.7413 68.8388 75.6567 80.5404 77.865 75.3032 70.4651 66.888 70.6011 59.5643 73.5525 74.908 69.2357 67.0627 72.423 75.3793 92.1541 77.7039 78.1456 72.9685 70.9655 69.1367 72.7715 74.5711 73.8103 72.7686 79.3315 81.5136 66.5857 71.7892 70.457 69.7308 68.5221 73.4097 77.0611 72.2941 70.1344 71.3228 50.6459 69.9085 66.1958 69.9514 70.3661 50.6247 67.6342 71.1388 18.6249 72.8328 68.2851 67.494 67.216 73.2903 76.0148 73.2395 57.0733 69.7723 62.9321 67.9003 55.3547 73.4265 73.8041 67.273 62.7875 67.5811 70.674 86.8934 72.4807 73.1329 71.1842 70.2062 
