38.3477 34.7367 33.5832 30.104 32.451 26.4108 33.9486 28.2575 26.8027 27.7217 34.9276 22.3908 33.7504 33.6114 27.7148 30.7097 35.0407 40.0932 36.9087 33.3211 32.0536 30.4809 30.2423 26.145 35.0387 34.4027 30.1135 29.6398 33.546 35.0088 53.9194 33.6197 38.0541 34.2677 18.4283 28.3539 31.8481 32.6945 32.5226 30.1241 36.0039 41.0317 24.8267 29.4228 28.2278 28.0409 20.7748 27.6995 35.7483 32.2092 33.0396 32.144 19.8741 24.616 18.5137 28.2219 20.8006 18.0247 23.0139 27.6339 0.065604 33.2944 26.6645 20.6004 29.4532 31.1135 33.9385 31.5928 19.1716 29.2037 28.6511 29.1876 20.002 34.9222 32.2157 28.9688 25.7859 26.608 29.0044 45.7988 28.2003 33.2612 27.855 19.5467 
0 0 0 0 0 0 0 0 0 0 0 0 0 0 0 0 0 0 0 0 0 0 0 0 0 0 0 0 0 0 0 0 0 0 0 0 0 0 0 0 0 0 0 0 0 0 0 0 0 0 0 0 0 0 0 0 0 0 0 0 0.065604 0 0 0 0 0 0 0 0 0 0 0 0 0 0 0 0 0 0 0 0 0 0 0 
0 0 0 0 0 0 0 0 0 0 0 0 0 0 0 0 0 0 0 0 0 0 0 0 0 0 0 0 0 0 0 0 0 0 0 0 0 0 0 0 0 0 0 0 0 0 0 0 0 0 0 0 0 0 0 0 0 0 0 0 0.065604 0 0 0 0 0 0 0 0 0 0 0 0 0 0 0 0 0 0 0 0 0 0 0 
0 0 0 0 0 0 0 0 0 0 0 0 0 0 0 0 0 0 0 0 0 0 0 0 0 0 0 0 0 0 0 0 0 0 0 0 0 0 0 0 0 0 0 0 0 0 0 0 0 0 0 0 0 0 0 0 0 0 0 0 0.065604 0 0 0 0 0 0 0 0 0 0 0 0 0 0 0 0 0 0 0 0 0 0 0 
39.4474 34.2849 35.9324 29.6383 32.6821 27.5436 35.3856 29.2197 27.7596 27.5017 34.8224 21.9204 34.0593 33.5483 27.9003 30.6026 35.7137 41.2652 36.93 33.2044 33.063 30.6872 31.7065 26.8472 35.0745 35.5833 31.8775 28.5974 33.6578 34.4596 52.6061 34.0033 38.6926 34.0056 19.559 29.1497 33.0946 33.3305 34.3534 29.6958 34.9681 40.2972 24.8649 30.136 29.1848 29.2429 22.0378 28.2332 37.1989 31.8874 33.2725 32.9161 19.5803 26.3438 18.138 27.6812 21.427 20.1438 22.008 28.0333 0.065604 32.6976 26.8888 18.6606 29.5489 32.0057 33.2763 32.8477 18.8858 30.2315 29.7739 29.1829 20.3535 36.247 33.8661 29.4755 25.8167 26.9661 29.6869 47.6187 27.6394 34.2654 29.2353 19.6067 
0 0 0 0 0 0 0 0 0 0 0 0 0 0 0 0 0 0 0 0 0 0 0 0 0 0 0 0 0 0 0 0 0 0 0 0 0 0 0 0 0 0 0 0 0 0 0 0 0 0 0 0 0 0 0 0 0 0 0 0 0.065604 0 0 0 0 0 0 0 18.5406 0 0 0 0 0 0 0 0 0 0 0 0 0 0 0 
0 0 0 0 0 0 0 0 0 0 0 0 0 0 0 0 0 0 0 0 0 0 0 0 0 0 0 0 0 0 0 0 0 0 0 0 0 0 0 0 0 0 0 0 0 0 0 0 0 0 0 0 0 0 0 0 0 0 0 0 0.065604 0 0 0 0 0 0 0 0 0 0 0 0 0 0 0 0 0 0 0 0 0 0 0 
0 0 0 0 0 0 0 0 0 0 0 0 0 0 0 0 0 0 0 0 0 0 0 0 0 0 0 0 0 0 0 0 0 0 0 0 0 0 0 0 0 0 0 0 0 0 0 0 0 0 0 0 0 0 0 0 0 0 0 0 0.065604 0 0 0 0 0 0 0 0 0 0 0 0 0 0 0 0 0 0 0 0 0 0 0 
0 0 0 0 0 0 0 0 0 0 0 0 0 0 0 0 0 0 0 0 0 0 0 0 0 0 0 0 0 0 0 0 0 0 0 0 0 0 0 0 0 0 0 0 0 0 0 0 0 0 0 0 0 0 0 0 0 0 0 0 0.065604 0 0 0 0 0 0 0 0 0 0 0 0 0 0 0 0 0 0 0 0 0 0 0 
0 0 0 0 0 0 0 0 0 0 0 0 0 0 0 0 0 0 0 0 0 0 0 0 0 0 0 0 0 0 0 0 0 0 0 0 0 0 0 0 0 0 0 0 0 0 0 0 0 0 0 0 0 0 0 0 0 0 0 0 0.065604 0 0 0 0 0 0 0 0 0 0 0 0 0 0 0 0 0 0 0 0 0 0 0 
0 0 0 0 0 0 0 0 0 0 0 0 0 0 0 0 0 0 0 0 0 0 0 0 0 0 0 0 0 0 0 0 0 0 0 0 0 0 0 0 0 0 0 0 0 0 0 0 0 0 0 0 0 0 0 0 0 0 0 0 0.065604 0 0 0 0 0 0 0 0 0 0 0 0 0 0 0 0 0 0 0 0 0 0 0 
65.2225 56.2269 57.8883 52.9909 62.1395 61.1552 60.0616 60.5574 48.0001 59.6364 60.9685 58.862 59.2026 61.5869 61.8917 52.3323 59.1775 66.1755 60.8447 62.0137 56.5058 49.8943 55.2461 47.053 58.9191 59.1157 52.7071 50.0909 59.212 58.8018 77.9545 62.2794 63.0527 58.3808 57.9786 54.3527 57.5823 58.1313 59.4123 57.3363 63.0693 67.7551 51.4086 56.6214 53.9662 56.3994 55.8378 59.4736 63.9021 57.7182 54.6224 56.561 17.9548 58.8361 54.6578 55.3817 56.2139 44.577 55.2789 56.6151 0.065604 58.5877 53.9655 56.7755 50.8785 56.5757 59.3502 57.9743 45.4577 54.8073 48.8536 54.1887 33.7164 59.0299 58.4215 51.7132 50.0169 49.1128 55.4212 71.4387 58.2842 58.285 54.1858 57.882 
0 0 0 0 0 0 0 0 0 0 0 0 0 0 0 0 0 0 0 0 0 0 0 0 0 0 0 0 0 0 0 0 0 0 0 0 0 0 0 0 0 0 0 0 0 0 0 0 0 0 0 0 0 0 0 0 0 0 0 0 0.065604 0 0 0 0 0 0 0 0 0 0 0 0 0 0 0 0 0 0 0 0 0 0 0 
0 0 0 0 0 0 0 0 0 0 0 0 0 0 0 0 0 0 0 0 0 0 0 0 0 0 0 0 0 0 0 0 0 0 0 0 0 0 0 0 0 0 0 0 0 0 0 0 0 0 0 0 0 0 0 0 0 0 0 0 0.065604 0 0 0 0 0 0 0 0 0 0 0 0 0 0 0 0 0 0 0 0 0 0 0 
0 0 0 0 0 0 0 0 0 0 0 0 0 0 0 0 0 0 0 0 0 0 0 0 0 0 0 0 0 0 0 0 0 0 0 0 0 0 0 0 0 0 0 0 0 0 0 0 0 0 0 0 0 0 0 0 0 0 0 0 0.065604 0 0 0 0 0 0 0 0 0 0 0 0 0 0 0 0 0 0 0 0 0 0 0 
0 0 0 0 0 0 0 0 0 0 0 0 0 0 0 0 0 0 0 0 0 0 0 0 0 0 0 0 0 0 0 0 0 0 0 0 0 0 0 0 0 0 0 0 0 0 0 0 0 0 0 0 0 0 0 0 0 0 0 0 0.065604 0 0 0 0 0 0 0 0 0 0 0 0 0 0 0 0 0 0 0 0 0 0 0 
0 0 0 0 0 0 0 0 0 0 0 0 0 0 0 0 0 0 0 0 0 0 0 0 0 0 0 0 0 0 0 0 0 0 0 0 0 0 0 0 0 0 0 0 0 0 0 0 0 0 0 0 0 0 0 0 0 0 0 0 0.065604 0 0 0 0 0 0 0 0 0 0 0 0 0 0 0 0 0 0 0 0 0 0 0 
0 0 0 0 0 0 0 0 0 0 0 0 0 0 0 0 0 0 0 0 0 0 0 0 0 0 0 0 0 0 0 0 0 0 0 0 0 0 0 0 0 0 0 0 0 0 0 0 0 0 0 0 0 0 0 0 0 0 0 0 0.065604 0 0 0 0 0 0 0 0 0 0 0 0 0 0 0 0 0 0 0 0 0 0 0 
0 0 0 0 0 0 0 0 0 0 0 0 0 0 0 0 0 0 0 0 0 0 0 0 0 0 0 0 0 0 0 0 0 0 0 0 0 0 0 0 0 0 0 0 0 0 0 0 0 0 0 0 0 0 0 0 0 0 0 0 0.065604 0 0 0 0 0 0 0 0 0 0 0 0 0 0 0 0 0 0 0 0 0 0 0 
47.1827 38.5668 40.988 37.5212 44.8143 42.4257 43.8338 42.9521 30.1107 41.956 43.3553 39.9006 42.6391 44.3922 42.8825 35.797 42.7081 47.8361 45.1322 43.4195 39.7924 34.138 38.2576 28.7922 41.6731 41.7921 36.1564 33.3456 41.4533 41.8325 59.0338 45.6581 47.204 41.3138 38.8022 37.7204 40.9876 40.7627 42.8036 39.774 45.5393 50.9076 34.6856 39.5168 37.5601 39.0211 35.0628 40.4895 45.6066 41.5106 37.6249 40.4374 19.7169 39.2478 32.8981 37.3233 36.572 18.377 37.0331 38.9098 0.065604 41.9998 37.1364 34.2048 34.1477 40.5479 43.2273 41.8156 25.2575 37.7091 31.9317 37.0881 22.9682 42.4141 41.0293 35.5412 31.877 33.8746 38.0183 54.1154 39.5487 41.5069 38.0957 38.2068 
