2118.20
4193.49
1908.91
743.70
1623.60
1633.91
1449.76
3261.30
2561.22
924.73
1455.57
996.60
2202.93
531.45
1143.97
1367.27
2386.80
501.77
1027.30
721.71
848.57
1835.67
509.76
1007.32
1186.06
848.38
560.49
1945.79
1114.09
1052.66
1030.66
578.46
1431.72
1510.07
2041.48
610.46
915.24
1816.91
1261.38
1443.21
1394.27
3196.58
645.71
457.11
1488.87
1897.09
1925.81
1697.73
1812.14
975.08
638.07
1037.54
555.61
1408.46
2264.58
2256.27
3469.15
1271.10
1603.32
3141.67
1751.96
3945.04
564.50
1353.10
492.44
1631.56
3096.62
2093.63
1741.19
3589.11
1586.09
2042.40
957.24
905.88
790.91
1481.81
1023.41
1670.15
701.30
278.70
13926.51
2749.43
5428.63
1919.79
764.70
1221.41
1646.83
1917.20
2838.75
3308.53
2115.26
563.93
1082.84
2695.32
986.62
1809.11
1217.22
1375.91
489.17
1200.89
1209.74
1379.72
2549.54
457.62
1659.88
1438.57
1055.21
464.40
2694.02
1174.57
1428.52
1118.33
658.90
1672.23
1072.93
2499.27
836.13
773.57
1654.52
1023.63
1470.01
1545.08
2208.77
415.60
588.75
1933.23
2491.73
2258.45
2350.16
3144.77
1209.40
493.60
1196.19
551.86
1604.39
2724.41
2058.84
3277.78
1518.50
2032.76
4860.60
2727.26
4397.78
836.43
1604.35
592.28
1185.70
4131.92
2929.02
3349.83
3607.02
1446.17
2529.84
1153.21
1053.96
838.99
2047.42
1611.99
1792.03
817.49
340.04
13418.62
