-0.49 0.86 0.13
-0.17 0.35 -0.92
0.91 0.13 -0.38
-0.75 -0.65 0.09
-0.58 -0.09 -0.81
-0.56 -0.08 -0.82
-0.94 0.14 0.32
-0.47 0.68 0.56
-0.68 0.05 0.73
-0.85 0.37 0.38
-0.42 0.44 0.79
-0.52 0.27 0.81
0.99 0.09 0.08
0.98 0.10 0.19
0.99 -0.09 -0.09
-0.52 0.50 0.69
-0.34 0.22 0.91
0.99 -0.06 -0.16
-0.80 0.37 0.48
-0.41 0.23 0.88
-0.94 0.17 0.28
-0.52 -0.15 0.84
-0.85 0.25 0.46
-0.46 0.29 0.84
0.79 -0.06 0.61
-0.06 -0.29 -0.96
-0.87 -0.49 -0.04
0.96 0.27 -0.04
0.91 0.20 0.36
0.94 0.06 0.34
0.96 -0.15 0.24
0.62 0.18 -0.76
-0.95 0.03 -0.32
-0.93 0.18 0.32
-0.00 0.43 -0.90
0.46 0.42 0.78
0.08 0.14 0.99
-0.39 0.82 0.43
-0.83 0.54 0.13
-0.96 0.10 -0.25
-0.96 -0.10 0.25
-0.85 -0.50 0.17
-0.91 0.01 -0.41
-0.12 -0.47 -0.87
-0.92 0.32 -0.24
-0.69 -0.71 -0.10
-0.25 0.02 -0.97
-0.22 -0.71 -0.67
0.44 -0.06 -0.90
0.50 -0.38 -0.77
0.15 -0.37 -0.92
0.09 0.43 -0.90
0.65 -0.41 -0.64
0.27 -0.28 -0.92
-0.66 -0.07 0.75
-0.46 -0.47 0.75
-0.27 -0.77 0.58
-0.35 -0.23 -0.91
-0.83 -0.26 0.49
-0.21 -0.96 0.18
-0.65 -0.63 0.42
0.98 -0.15 0.09
0.75 0.36 0.55
0.99 0.00 -0.12
-0.76 0.19 -0.62
-0.96 -0.22 -0.18
-0.32 -0.92 0.24
0.07 -0.85 0.52
0.56 -0.70 -0.44
0.58 0.36 -0.73
0.93 0.09 -0.36
0.84 0.53 0.12
-0.84 0.47 -0.28
0.54 -0.79 -0.29
0.21 -0.71 -0.68
-0.04 0.59 0.81
0.30 -0.61 -0.74
0.78 -0.12 -0.62
0.48 0.01 0.88
0.36 -0.79 0.50
-0.45 0.54 -0.71
0.30 0.92 0.26
0.32 0.30 -0.90
-0.81 -0.01 -0.59
-0.08 -0.83 -0.56
0.93 0.33 -0.16
0.04 -0.13 -0.99
0.98 0.03 0.20
0.57 0.77 0.28
0.41 0.24 0.88
0.70 0.66 0.28
-0.18 0.08 0.98
0.28 0.21 0.94
-0.99 0.04 0.10
-0.99 -0.06 0.09
-0.96 -0.21 0.20
0.62 0.60 0.51
0.42 0.32 0.85
-0.85 -0.21 -0.48
0.33 0.88 0.34
0.19 0.23 0.95
0.78 0.48 0.41
0.67 -0.18 0.72
0.56 -0.50 0.66
-0.05 0.61 0.79
-0.87 -0.12 0.48
0.67 -0.13 -0.73
-0.25 -0.32 -0.91
-0.99 0.13 -0.07
-0.98 -0.12 0.13
-1.00 0.00 -0.05
-1.00 0.00 -0.07
-0.83 -0.05 -0.55
0.97 0.11 -0.21
0.75 0.24 0.61
0.02 0.66 -0.75
-0.69 0.32 0.65
-0.13 0.25 0.96
0.05 0.84 0.55
0.86 0.47 -0.22
0.96 0.15 -0.24
0.83 0.50 0.25
0.86 -0.48 -0.17
0.90 0.42 0.14
0.94 0.11 0.33
0.93 0.27 -0.23
0.87 -0.47 0.15
0.48 0.12 -0.87
0.35 -0.40 -0.85
-0.33 -0.03 -0.94
0.53 -0.53 -0.67
-0.39 -0.58 -0.71
-0.29 0.18 -0.94
-0.52 -0.45 -0.72
-0.52 -0.42 -0.74
0.58 0.21 0.79
0.62 -0.46 0.64
0.39 -0.52 0.76
0.67 -0.04 -0.74
0.58 -0.45 0.68
0.73 -0.60 0.32
-0.08 -0.57 0.82
-0.94 -0.34 -0.07
-0.75 0.54 0.39
-0.99 0.05 -0.16
0.96 -0.19 0.21
0.05 0.43 -0.90
0.70 -0.71 0.13
0.42 -0.86 0.30
0.11 -0.96 -0.26
-0.85 0.27 -0.45
-0.71 -0.64 -0.30
-0.99 0.11 0.12
-0.12 -0.86 0.50
-0.92 -0.04 -0.40
-0.30 -0.66 -0.69
0.15 0.89 0.44
-0.67 -0.54 -0.52
-0.49 -0.49 -0.72
0.76 0.08 0.64
-0.59 0.49 0.64
-0.14 0.76 -0.64
