3916.00
9142.00
4121.00
1515.00
3308.00
3525.00
2750.00
5648.00
5168.00
2039.00
2864.00
2325.00
4602.00
1139.00
2399.00
2518.00
4944.00
991.00
2620.00
2095.00
1962.00
4008.00
1126.00
2010.00
2153.00
1666.00
1123.00
4477.00
2778.00
2319.00
2038.00
897.00
4523.00
4953.00
5356.00
1423.00
1840.00
4383.00
2786.00
2985.00
3513.00
7154.00
1440.00
1045.00
3241.00
3937.00
4603.00
3662.00
4009.00
2557.00
1619.00
2339.00
1096.00
3988.00
3447.00
4476.00
6228.00
2491.00
3105.00
6378.00
3502.00
7579.00
1236.00
2815.00
1059.00
3312.00
6343.00
3797.00
2922.00
6333.00
3197.00
3035.00
2131.00
1375.00
1854.00
4293.00
2048.00
4558.00
1602.00
445.00
55450.00
5095.00
11407.00
3628.00
1642.00
2452.00
3348.00
3824.00
4808.00
6236.00
4145.00
1177.00
2281.00
5237.00
2025.00
3907.00
2371.00
2763.00
846.00
3207.00
2874.00
2832.00
5308.00
1033.00
3082.00
2661.00
2206.00
1032.00
5965.00
2540.00
2615.00
1375.00
1277.00
5388.00
3947.00
6937.00
2273.00
1690.00
4438.00
2395.00
3419.00
4282.00
5417.00
1194.00
1583.00
4447.00
5696.00
5889.00
5261.00
7270.00
3253.00
1461.00
3239.00
1244.00
4234.00
4413.00
4163.00
5646.00
3599.00
4570.00
10169.00
5844.00
9010.00
1704.00
3688.00
1343.00
2477.00
8976.00
5819.00
6447.00
6522.00
3153.00
4032.00
2926.00
1856.00
2013.00
7673.00
3450.00
5001.00
1863.00
566.00
54543.00
