10729 11140 1599 844 875 79 281 11221 538 3774 339 13 7400 126 26 4124 244 20 4 0 0 4 1 2 9 3 4 1058 75 25 38 25 767 521 65 26 7 21 11 7 12 25 2 3 7 29 0 9 6 0 0 5 4 3 13 8 58 8 6 28 6 98 12 9 3 60 198 46 36 48 5 5 6 6 7 1386 2100 2973 515 43 28 1640 1056 265 372 271 20 94 679 38 147 5 0 2015 37 7 281 3 5 2 0 4 2 1 1 2 3 0 902 53 12 3 1 65 16 12 26 0 2 30 4 7 0 0 0 14 0 1 1 0 0 0 1 0 0 0 1 1 0 0 0 0 11 3 0 0 0 1 0 0 3 0 1 3 2 4 138 1231 72 30 53 22
11140 15389 2508 2578 1658 177 311 3237 140 294 39 5 719 20 14 590 44 545 4 1 7 5 0 2 8 5 5 282 22 12 8 7 3209 1315 519 507 7 48 26 41 19 45 0 4 13 46 2 26 12 3 1 10 1 371 19 10 91 13 15 47 12 66 1 5 10 117 307 67 65 80 21 7 50 5 684 945 1517 2772 416 188 15 918 651 114 225 143 19 53 430 20 89 5 1 1015 19 3 144 2 26 1 0 3 0 0 0 3 2 0 448 31 4 1 5 46 15 6 18 1 1 18 1 2 0 0 0 11 0 1 0 1 0 0 0 0 1 0 0 2 1 0 0 1 14 1 1 0 0 0 0 0 8 3 2 2 4 1 64 613 48 11 39 12
1599 2508 1319 30 62 4 5 412 6 55 19 1 4420 51 11 1077 49 1164 0 0 1 1 0 2 11 3 1 1623 47 27 35 16 399 660 268 152 3 16 7 8 7 18 3 2 3 22 1 12 13 4 0 8 3 141 11 1 56 7 5 26 8 66 4 10 7 72 204 46 50 54 17 3 26 10 461 206 1213 1610 419 352 6 305 182 96 59 55 9 17 106 12 23 2 1 428 14 1 48 2 119 0 0 2 0 0 0 0 1 0 237 21 3 1 2 14 3 23 8 0 1 5 0 1 0 1 0 0 0 0 0 1 0 0 0 1 2 0 1 2 0 1 1 3 7 2 1 0 0 4 1 3 8 1 1 3 5 28 11 616 146 24 575 6
844 2578 30 979 2817 197 97 615 33 85 18 1 311 6 7 315 21 3 2 0 1 3 0 2 8 6 4 191 18 5 22 9 2606 562 29 16 6 38 19 12 9 17 3 2 6 29 0 4 2 1 0 2 1 2 16 5 58 13 14 15 2 51 4 6 2 35 111 28 28 17 8 4 1 0 1 518 202 1061 117 0 14 444 380 15 171 131 16 40 373 7 84 0 0 559 8 7 128 4 0 4 0 3 1 0 0 0 0 0 286 19 2 2 1 36 16 3 5 0 1 12 0 2 0 0 0 4 1 0 1 0 0 0 0 0 0 0 0 0 1 1 0 0 2 1 0 0 0 0 0 0 6 0 1 0 0 1 52 233 33 20 3 9
875 1658 62 2817 4938 4903 3484 5920 643 602 711 31 2093 235 84 2146 723 0 40 3 18 19 0 5 25 37 11 286 114 58 58 27 4170 1192 24 25 33 206 50 156 64 63 5 5 26 113 6 21 4 2 2 1 4 4 39 24 126 46 54 59 13 164 19 8 3 36 174 58 35 32 19 4 7 7 1 1175 193 2504 356 1 46 400 201 8 152 352 75 132 651 192 183 18 13 884 86 25 319 16 2 5 0 20 4 0 2 0 4 0 452 110 15 2 1 36 9 1 18 3 3 16 2 7 0 0 0 2 0 1 0 0 0 0 0 0 1 0 1 3 1 1 0 0 6 8 0 0 0 0 0 0 1 0 1 1 2 2 117 242 59 25 0 24
79 177 4 197 4903 4002 3025 1470 7594 46 705 410 572 1306 823 460 4974 5 3976 56 1762 459 62 112 27 819 282 18 81 29 16 11 5761 2091 15 110 264 1015 422 874 324 464 37 20 138 1027 35 157 2 6 0 1 1 0 950 355 217 289 864 418 14 112 8 4 1 17 81 24 12 9 4 2 27 2 8 831 28 3386 255 1 44 24 8 0 6 30 25 22 49 143 23 7 12 81 101 69 41 33 1 2 1 8 7 0 0 4 2 0 36 41 8 1 0 3 0 1 0 0 2 1 0 0 0 0 0 0 0 0 0 0 0 0 0 0 0 2 0 7 1 0 0 0 9 3 0 0 0 0 0 1 0 0 0 0 0 1 23 25 13 4 0 24
281 311 5 97 3484 3025 4148 8455 5383 176 272 151 351 119 59 309 566 0 1477 6 102 59 1 6 2 2 3 18 34 6 3 2 66 52 1 1 9 76 4 65 28 39 5 4 11 127 4 20 0 0 0 0 1 0 39 18 18 20 54 27 1 12 2 2 0 3 10 3 1 1 2 0 1 1 0 158 18 245 43 0 8 26 9 0 14 46 16 19 84 59 26 3 3 116 32 10 56 5 0 0 0 3 0 0 0 1 0 0 46 20 1 0 0 4 1 1 2 0 0 0 0 0 0 0 0 0 0 1 0 0 0 0 0 0 0 0 0 0 0 1 1 0 2 0 1 0 0 0 0 0 0 0 0 0 1 0 21 30 9 6 0 2
11221 3237 412 615 5920 1470 8455 29999 6497 17901 10428 194 8269 652 125 11600 3745 5 74 3 23 22 1 6 5 10 1 481 176 57 61 31 653 504 8 3 8 73 11 43 24 31 5 4 16 52 2 14 2 0 0 0 4 3 20 8 54 22 21 21 3 143 16 6 2 24 81 26 21 20 13 2 3 9 3 1237 348 1803 269 0 42 836 499 22 313 906 129 435 1575 380 527 42 4 2008 181 51 799 32 0 13 0 35 8 0 1 2 11 2 900 172 19 7 2 73 17 5 23 3 1 35 2 11 0 1 2 10 1 2 2 1 0 1 1 0 0 3 2 1 3 4 0 0 18 5 0 0 0 0 0 0 0 0 1 1 5 1 296 703 126 54 2 26
538 140 6 33 643 7594 5383 6497 18322 724 5155 9711 416 867 851 420 11222 7 4504 2623 3438 3054 33 157 41 96 29 5 32 12 4 8 249 126 3 13 5 48 44 59 40 95 4 7 18 291 7 88 3 9 0 0 0 1 380 58 48 12 55 68 2 36 1 6 4 6 14 3 3 1 0 0 20 3 8 1658 30 1717 216 1 54 5 2 0 1 16 3 13 15 69 12 3 4 33 58 37 22 17 1 5 3 13 5 0 0 1 1 0 16 24 4 0 0 1 0 0 0 0 0 2 0 1 0 0 0 0 0 0 0 0 0 0 1 0 0 0 0 1 0 0 0 0 1 1 0 0 0 0 0 0 1 0 0 0 0 1 23 13 3 3 1 34
3774 294 55 85 602 46 176 17901 724 4459 3206 12 790 39 6 1528 344 1 0 0 0 0 0 0 0 0 0 45 12 4 1 3 53 38 0 2 0 2 0 1 0 1 0 0 1 7 1 2 1 0 0 1 0 0 2 0 2 1 0 5 1 7 0 0 0 1 12 0 1 2 1 0 0 0 0 83 30 140 15 1 2 82 45 1 26 85 13 32 141 14 44 4 0 166 18 2 76 1 0 0 0 3 0 0 0 1 3 0 69 10 1 0 0 4 1 0 3 0 1 5 0 1 1 0 0 2 0 0 0 0 0 0 0 0 0 0 0 0 1 0 0 0 1 1 0 0 0 0 0 0 0 0 0 1 0 0 34 66 7 8 0 1
339 39 19 18 711 705 272 10428 5155 3206 5112 976 1111 356 42 3717 9724 1 12 0 10 5 0 2 1 7 1 7 14 4 2 1 131 86 1 3 2 51 2 22 6 7 0 1 4 32 1 5 0 0 0 0 0 0 9 7 7 8 11 9 2 7 3 1 0 1 4 8 0 0 0 0 1 0 0 317 30 461 64 0 13 29 4 0 9 75 24 59 90 114 44 13 5 109 73 27 67 21 0 3 2 10 2 0 0 0 6 0 51 29 3 0 0 5 1 0 0 0 0 1 1 1 0 0 0 1 0 0 1 0 0 0 0 0 0 0 0 2 0 0 1 1 2 1 0 0 0 0 0 0 2 0 0 0 2 1 23 40 9 6 0 4
13 5 1 1 31 410 151 194 9711 12 976 2926 22 85 209 31 8148 0 161 1591 432 979 3 35 22 26 7 0 4 3 0 0 15 29 0 0 1 6 2 2 3 9 0 1 1 29 0 15 0 0 0 2 0 0 52 5 14 3 3 8 0 5 9 2 0 2 0 3 2 2 0 0 4 0 4 263 3 219 52 0 13 0 1 0 0 2 0 1 1 11 1 0 0 0 8 9 1 3 0 0 0 3 2 0 0 1 0 0 2 5 2 0 0 0 0 0 1 0 0 0 0 0 0 0 0 0 0 0 0 0 0 0 0 0 0 1 0 3 0 0 1 0 2 1 0 0 0 0 0 0 0 0 0 0 0 0 0 3 0 1 0 5
7400 719 4420 311 2093 572 351 8269 416 790 1111 22 19837 4092 615 17437 1929 15 3 1 15 11 1 3 38 3 1 13806 4174 559 354 199 541 450 11 14 9 49 9 23 28 19 5 1 5 45 1 5 4 1 2 2 41 16 20 6 73 9 15 29 4 672 98 17 3 26 74 22 14 28 57 6 9 31 2 1608 1511 2088 363 14 38 1312 570 186 343 858 214 451 1441 1418 523 102 53 3782 1342 331 1033 195 9 32 5 92 29 2 2 19 22 1 2614 966 115 32 34 84 30 4 24 4 3 34 3 12 1 1 1 14 5 5 0 1 0 1 0 7 1 9 2 23 2 6 6 0 137 38 4 0 0 0 0 2 3 3 14 3 4 5 450 1533 250 105 106 21
126 20 51 6 235 1306 119 652 867 39 356 85 4092 1591 747 806 1265 2 40 2 45 5 0 0 9 6 2 958 2388 380 59 42 129 84 2 4 5 47 11 26 9 10 2 1 5 19 0 9 0 0 0 0 7 4 5 1 24 7 9 10 1 145 47 6 1 3 12 6 2 4 14 0 5 13 3 1055 36 829 91 1 23 46 20 0 22 157 113 96 132 1364 65 38 173 390 1236 854 182 339 1 84 16 214 91 1 3 13 22 0 149 457 135 9 10 17 5 2 9 1 1 5 0 3 0 0 1 0 2 0 4 0 0 0 1 0 2 19 2 20 4 8 9 2 60 38 0 1 1 1 0 1 0 4 3 3 0 2 162 259 64 20 0 20
26 14 11 7 84 823 59 125 851 6 42 209 615 747 2783 116 4978 2 194 177 782 1955 15 131 1383 43 13 223 1948 3116 94 18 86 88 3 5 4 23 17 12 2 6 0 0 2 28 1 7 2 0 0 0 4 0 89 15 258 4 23 14 9 468 1016 13 1 1 7 14 3 3 8 1 35 3 17 1911 20 1045 174 2 115 20 5 1 8 53 77 76 46 1031 26 8 194 116 494 6129 40 1012 4 117 334 945 2615 21 104 1319 116 0 52 234 586 48 8 28 26 2 6 5 11 14 8 3 3 1 1 1 15 2 9 5 0 0 0 1 2 288 25 251 16 28 60 27 328 165 1 1 3 12 5 0 1 1 3 19 4 5 411 172 122 67 1 68
4124 590 1077 315 2146 460 309 11600 420 1528 3717 31 17437 806 116 5526 2478 2 7 0 2 11 0 6 5 3 2 1221 188 64 57 16 407 349 9 3 6 34 3 21 9 8 1 0 4 26 0 6 6 0 0 2 2 2 12 4 44 8 10 16 3 101 14 0 2 23 59 14 9 18 12 0 2 6 3 940 556 1446 210 8 23 539 290 41 171 428 72 198 715 433 240 43 15 1284 209 64 442 44 2 10 0 27 10 1 0 4 11 0 641 151 14 4 2 42 14 2 11 1 1 13 2 7 1 0 0 3 2 0 0 0 0 0 1 0 0 3 2 2 2 2 1 0 11 5 1 0 0 0 1 0 1 1 1 0 3 2 206 504 86 37 17 20
244 44 49 21 723 4974 566 3745 11222 344 9724 8148 1929 1265 4978 2478 14346 5 652 2752 2831 6880 57 443 1764 184 48 102 309 282 23 14 423 312 6 22 8 104 33 87 44 55 6 5 23 176 6 32 4 7 0 0 2 2 294 51 345 27 48 43 6 194 302 4 2 12 41 12 6 17 3 2 81 17 18 4880 68 3626 485 0 300 34 18 3 19 110 119 109 104 1314 81 30 193 260 790 2859 124 601 2 121 132 588 1160 8 33 505 69 0 75 216 252 14 1 15 17 2 14 1 4 9 7 0 1 0 2 2 14 0 11 0 1 0 1 0 0 108 8 133 8 14 39 15 126 63 1 1 0 2 3 2 2 1 1 10 3 6 243 176 92 30 6 112
20 545 1164 3 0 5 0 5 7 1 1 0 15 2 2 2 5 323 0 0 0 5 0 0 0 2 0 336 87 21 57 13 211 386 222 92 1 6 1 2 2 6 0 0 0 13 0 5 4 1 1 0 4 122 6 0 25 4 2 12 6 61 3 6 4 26 89 24 21 17 17 2 142 70 564 580 402 565 387 606 40 10 60 20 1 5 1 0 13 7 7 0 0 13 4 4 5 6 318 0 0 1 4 1 0 0 0 0 87 19 11 1 3 4 2 97 14 0 0 1 0 0 1 1 0 1 2 7 4 0 0 0 4 1 23 1 0 13 1 2 3 1 3 0 0 0 0 8 3 7 3 2 6 33 38 168 41 52 183 62 326 8
4 4 0 2 40 3976 1477 74 4504 0 12 161 3 40 194 7 652 0 3791 94 5339 1268 42 34 10 71 12 1 3 1 0 1 18 30 0 10 10 38 31 45 22 58 3 0 10 155 7 20 0 2 0 0 0 0 125 26 18 10 62 38 2 5 0 0 2 2 2 0 0 0 1 0 0 0 0 112 2 165 21 0 5 0 0 0 1 0 0 1 0 3 0 0 0 2 1 6 2 0 0 0 2 0 2 0 0 0 1 0 0 0 0 0 0 0 0 0 0 0 0 0 0 0 0 0 0 0 0 0 0 0 0 0 0 0 0 0 0 0 0 0 0 0 0 0 0 0 0 0 0 0 0 0 0 0 0 0 0 0 0 0 0 2
0 1 0 0 3 56 6 3 2623 0 0 1591 1 2 177 0 2752 0 94 2604 1214 9454 37 167 51 85 30 0 2 2 0 0 4 20 1 1 0 3 3 1 1 1 1 0 1 13 1 3 1 0 0 0 0 0 137 9 6 0 6 3 1 3 7 0 0 0 2 1 1 2 0 0 15 2 2 283 0 166 39 0 35 0 0 0 0 0 0 0 0 1 0 0 0 0 0 8 0 2 0 0 1 2 4 0 0 2 0 0 1 0 0 0 0 1 0 0 0 0 0 0 0 0 0 0 0 0 0 0 0 0 0 0 0 0 0 0 0 0 0 0 0 0 2 0 0 0 0 0 1 0 0 0 0 0 0 0 3 0 0 1 1 9
0 7 1 1 18 1762 102 23 3438 0 10 432 15 45 782 2 2831 0 5339 1214 4290 5464 2833 612 102 734 497 0 2 21 3 0 46 66 4 5 18 155 15 137 57 166 9 8 33 420 12 81 4 5 0 0 0 0 1990 180 91 41 253 142 7 16 7 1 4 4 12 1 0 1 0 0 19 1 8 377 2 488 61 0 43 1 0 0 0 0 0 0 0 5 1 0 0 0 5 51 0 4 0 1 2 4 11 0 0 10 0 0 0 0 1 0 0 0 0 0 0 0 0 1 0 0 0 0 0 0 0 0 0 0 0 0 0 0 0 2 2 4 1 0 0 1 4 1 0 0 0 0 0 0 1 0 1 2 0 0 3 3 1 2 0 9
4 5 1 3 19 459 59 22 3054 0 5 979 11 5 1955 11 6880 5 1268 9454 5464 10364 2398 10526 3382 588 425 0 6 51 19 0 57 456 4 2 14 77 7 17 9 42 1 7 5 133 11 58 1 4 0 0 0 0 4081 370 327 46 91 50 4 57 50 2 1 5 6 3 1 11 0 1 127 3 16 1672 9 1382 321 1 406 0 0 0 0 0 2 0 0 4 0 1 0 2 0 166 1 15 0 1 1 2 63 0 4 125 0 0 2 1 16 2 1 0 0 0 0 1 2 0 2 0 0 0 0 1 1 0 0 0 0 0 1 0 0 14 2 56 3 2 0 4 52 21 1 0 0 0 0 2 2 1 1 1 4 0 12 10 2 1 2 61
1 0 0 0 0 62 1 1 33 0 0 3 1 0 15 0 57 0 42 37 2833 2398 593 580 18 821 565 0 0 0 0 0 1 5 0 1 9 5 1 11 3 7 0 2 0 32 2 9 1 1 0 0 0 0 4142 49 8 1 11 14 0 3 1 0 0 2 0 0 0 0 0 0 2 0 0 15 0 21 4 0 4 0 0 0 0 0 1 0 0 0 0 0 0 0 0 2 0 0 0 0 0 0 0 0 0 0 0 0 0 0 0 0 0 0 0 0 0 0 0 0 0 0 0 0 0 0 0 0 0 0 0 0 0 0 0 0 0 0 0 0 0 0 0 0 0 0 0 0 0 0 0 0 0 1 0 0 0 0 0 0 0 0
2 2 2 2 5 112 6 6 157 0 2 35 3 0 131 6 443 0 34 167 612 10526 580 2158 3133 254 239 2 3 3 5 0 19 260 2 2 12 67 8 12 0 11 1 0 2 38 1 13 1 2 0 0 0 1 11838 510 200 50 91 12 1 46 21 0 1 6 2 0 0 5 0 0 37 0 2 353 1 415 78 1 138 0 0 0 0 0 0 0 0 1 0 0 0 0 2 13 0 3 2 0 0 1 4 0 5 43 0 0 2 0 0 1 1 0 0 0 0 0 1 0 2 0 0 0 0 0 1 0 0 1 0 0 0 0 0 18 1 44 0 2 0 1 48 11 0 0 1 0 1 1 3 0 0 0 0 0 7 1 1 1 0 12
9 8 11 8 25 27 2 5 41 0 1 22 38 9 1383 5 1764 0 10 51 102 3382 18 3133 6873 24 19 57 102 165 40 1 38 730 9 7 14 252 3 49 12 9 1 1 6 46 2 13 2 0 0 1 0 0 2102 597 2475 158 368 47 21 1365 2420 7 0 4 4 8 2 5 0 1 112 0 3 1054 13 1084 248 2 325 0 0 0 0 2 1 0 1 4 0 0 3 0 4 140 1 8 0 1 1 4 107 0 71 861 6 0 6 4 19 13 3 1 13 2 1 2 17 0 31 3 2 1 2 5 11 1 1 2 0 0 0 0 0 221 35 641 24 15 11 27 661 124 8 0 0 1 4 3 2 0 1 7 18 2 52 4 13 7 1 37
3 5 3 6 37 819 2 10 96 0 7 26 3 6 43 3 184 2 71 85 734 588 821 254 24 1106 1124 0 0 0 0 2 394 1740 8 35 785 491 117 539 80 83 10 4 22 192 6 30 0 2 0 1 0 1 2038 357 164 346 333 120 12 57 2 9 1 5 53 26 4 4 0 3 49 1 4 187 2 1717 138 1 53 0 0 0 0 0 0 0 1 2 2 0 1 4 0 2 1 0 0 0 0 0 0 0 0 0 0 0 2 0 0 0 0 0 1 0 0 0 0 0 0 0 0 0 0 0 1 0 0 0 0 0 0 0 0 0 0 5 0 0 0 1 2 1 1 0 0 0 2 0 0 0 0 1 0 0 1 3 0 0 0 16
4 5 1 4 11 282 3 1 29 0 1 7 1 2 13 2 48 0 12 30 497 425 565 239 19 1124 2087 0 1 0 0 0 36 360 7 7 212 235 26 185 21 29 1 1 5 75 5 19 1 1 0 0 0 0 3401 1777 85 1004 664 43 5 12 1 0 0 0 1 3 0 2 0 0 22 0 1 88 1 497 85 1 46 0 0 0 0 0 0 0 0 0 0 0 0 0 0 2 0 1 0 1 0 0 0 0 0 2 0 0 0 1 0 0 0 0 0 0 0 0 0 0 0 0 0 0 0 0 0 0 0 0 0 0 0 0 0 0 0 2 0 0 0 0 2 0 0 0 0 0 0 1 0 0 0 0 0 0 0 0 0 0 0 10
1058 282 1623 191 286 18 18 481 5 45 7 0 13806 958 223 1221 102 336 1 0 0 0 0 2 57 0 0 11681 4996 1074 711 302 82 74 21 12 1 4 4 0 1 0 0 0 1 4 0 4 5 1 1 0 54 45 9 4 58 2 0 4 2 1211 211 16 1 5 13 6 3 7 89 14 17 47 50 358 468 406 120 282 11 349 130 53 74 105 20 45 208 107 76 5 5 1863 247 124 190 27 85 6 5 13 10 0 2 5 3 0 6954 979 166 79 57 24 5 6 10 1 1 5 1 2 1 1 0 4 0 1 0 0 0 0 2 9 3 3 0 11 1 2 1 1 183 21 12 0 1 2 5 2 5 11 14 8 6 12 121 518 66 20 89 4
75 22 47 18 114 81 34 176 32 12 14 4 4174 2388 1948 188 309 87 3 2 2 6 0 3 102 0 1 4996 4593 4614 948 350 33 35 8 0 0 5 0 7 1 8 0 0 3 5 0 1 1 0 3 0 74 34 14 8 92 1 4 1 4 1503 404 35 0 1 7 10 0 8 84 9 15 51 6 148 45 188 40 36 4 74 26 4 18 66 42 46 81 388 36 12 42 868 877 908 142 199 14 25 37 109 119 3 3 53 12 1 2178 2393 948 116 70 15 13 1 3 1 2 4 2 0 1 0 0 1 4 0 2 0 0 3 2 14 6 17 2 48 3 3 7 12 347 111 14 0 0 4 4 5 7 13 17 7 7 1 134 164 58 18 5 8
25 12 27 5 58 29 6 57 12 4 4 3 559 380 3116 64 282 21 1 2 21 51 0 3 165 0 0 1074 4614 2673 1663 217 27 21 3 2 0 5 0 8 0 2 1 1 1 7 1 2 0 0 1 1 30 16 18 7 212 2 3 6 8 2166 1462 51 0 1 12 17 0 6 47 14 13 22 4 105 21 83 13 13 6 9 3 1 1 9 9 3 9 78 1 1 14 64 173 1183 10 174 1 15 40 82 359 0 17 322 7 0 212 426 1364 293 22 2 5 0 4 2 2 1 1 0 2 0 0 0 0 0 2 0 0 1 0 3 3 48 5 91 4 1 6 10 362 133 9 0 1 2 4 2 1 9 10 10 3 1 88 36 28 10 2 10
38 8 35 22 58 16 3 61 4 1 2 0 354 59 94 57 23 57 0 0 3 19 0 5 40 0 0 711 948 1663 1102 778 18 22 5 4 2 8 4 22 9 6 2 0 2 6 3 4 1 2 1 1 71 68 3 9 160 0 8 36 8 2907 241 30 0 2 10 21 2 12 57 64 35 123 6 86 33 72 24 28 7 10 5 0 0 2 0 0 4 4 0 0 1 29 21 81 3 2 5 0 2 3 22 0 7 97 0 0 98 72 265 401 62 2 2 2 0 2 4 0 4 2 0 1 0 5 5 3 6 2 1 2 0 2 0 22 4 174 3 2 7 6 796 94 20 0 2 3 17 19 16 14 49 1 5 1 10 8 8 1 3 3
25 7 16 9 27 11 2 31 8 3 1 0 199 42 18 16 14 13 1 0 0 0 0 0 1 2 0 302 350 217 778 125 10 20 19 4 0 2 1 12 8 8 0 1 3 13 2 17 20 8 24 50 260 214 0 0 198 1 0 37 10 818 3 485 2 153 618 1078 206 330 679 484 114 166 19 47 22 33 11 13 22 0 2 0 0 1 0 0 0 0 1 0 0 13 6 4 2 1 1 0 0 2 0 0 0 2 0 0 30 14 36 50 107 0 0 3 0 0 1 1 1 2 0 3 0 0 1 3 3 10 2 2 9 1 3 1 0 92 0 0 8 2 93 1 120 0 8 56 224 324 73 97 415 1 31 0 8 2 6 2 0 19
767 3209 399 2606 4170 5761 66 653 249 53 131 15 541 129 86 407 423 211 18 4 46 57 1 19 38 394 36 82 33 27 18 10 8317 3335 720 484 192 333 319 204 63 49 6 2 24 101 3 24 9 0 0 5 1 234 136 35 140 88 103 61 16 72 1 9 2 65 198 55 68 47 12 5 2 1 38 125 109 1121 52 92 12 68 30 1 18 35 14 18 84 65 21 4 1 138 45 11 49 4 6 4 0 6 2 0 0 4 0 0 98 32 3 0 4 6 0 0 1 1 0 2 0 0 0 0 0 1 2 0 0 0 0 0 0 0 0 0 0 10 0 0 2 5 15 4 0 0 0 1 3 1 6 1 2 1 1 2 19 38 13 2 7 0
521 1315 660 562 1192 2091 52 504 126 38 86 29 450 84 88 349 312 386 30 20 66 456 5 260 730 1740 360 74 35 21 22 20 3335 5374 2090 1288 1694 2049 2451 784 138 150 4 12 52 167 3 73 34 14 2 14 3 534 1430 416 1627 1153 264 216 102 1006 33 89 26 364 1537 518 296 226 73 33 42 21 191 269 318 1864 132 236 45 48 18 3 11 39 14 30 67 42 21 4 5 146 31 14 37 7 21 0 0 2 8 0 4 31 4 0 82 20 3 0 7 3 6 2 0 1 3 3 14 2 0 3 0 1 6 5 8 3 0 2 0 0 2 15 0 133 4 3 11 16 108 3 9 0 1 7 19 29 26 4 17 4 16 7 42 33 18 11 12 9
65 519 268 29 24 15 1 8 3 0 1 0 11 2 3 9 6 222 0 1 4 4 0 2 9 8 7 21 8 3 5 19 720 2090 365 1163 3 20 355 1 0 1 11 0 14 2 5 6 30 78 123 8 68 611 12 4 34 2 2 2 1 27 1 9 2 22 82 27 30 24 16 5 647 407 1181 1166 308 475 296 125 17 3 4 1 3 1 0 0 2 0 0 0 1 5 0 0 2 0 26 0 0 0 1 0 0 0 0 0 0 0 0 0 0 0 0 1 0 0 0 0 0 1 0 0 0 0 0 0 0 0 0 0 1 0 0 0 0 3 0 0 0 0 4 0 1 0 0 3 3 2 4 1 1 0 7 2 6 6 3 0 15 1
26 507 152 16 25 110 1 3 13 2 3 0 14 4 5 3 22 92 10 1 5 2 1 2 7 35 7 12 0 2 4 4 484 1288 1163 274 146 37 627 43 17 4 0 0 2 8 0 2 2 10 14 0 15 99 41 9 59 17 17 5 5 23 1 7 2 12 51 24 11 3 4 1 31 38 271 119 87 256 65 50 2 1 0 0 1 0 0 1 2 0 0 0 0 0 0 0 0 0 13 0 0 0 1 0 0 0 0 0 0 0 0 0 0 1 0 1 0 0 0 0 1 0 0 0 0 0 0 0 0 0 0 0 0 0 3 0 0 2 0 0 0 0 2 0 1 0 0 0 0 0 1 0 1 0 1 0 1 3 0 4 4 0
7 7 3 6 33 264 9 8 5 0 2 1 9 5 4 6 8 1 10 0 18 14 9 12 14 785 212 1 0 0 2 0 192 1694 3 146 1676 2784 714 2436 49 8 0 1 11 29 1 1 2 0 0 0 1 0 178 75 334 538 83 28 30 237 1 20 1 5 115 68 12 5 4 6 9 2 2 30 3 354 27 1 11 0 0 0 2 0 0 0 1 1 0 0 0 0 1 0 0 0 0 0 0 0 0 0 0 1 0 0 1 2 0 0 0 2 0 0 0 0 1 0 1 1 0 0 0 0 1 0 0 0 0 0 0 0 0 1 0 15 0 0 1 2 17 0 1 0 0 0 2 1 0 0 0 0 1 0 1 0 0 0 0 0
21 48 16 38 206 1015 76 73 48 2 51 6 49 47 23 34 104 6 38 3 155 77 5 67 252 491 235 4 5 5 8 2 333 2049 20 37 2784 8575 229 8903 917 910 61 10 308 892 30 46 2 2 1 0 1 1 546 322 1804 8605 5465 4673 65 1182 27 39 2 8 75 57 3 2 0 4 55 0 4 100 21 766 105 7 41 1 2 0 0 2 1 3 3 13 2 0 0 6 12 4 3 3 2 0 0 1 3 0 4 13 0 0 3 3 1 0 1 1 0 3 0 0 4 2 4 2 1 0 1 1 1 2 0 0 0 1 0 0 4 6 0 84 3 3 5 28 131 1 2 0 0 2 3 2 0 1 0 2 5 0 17 8 7 1 2 5
11 26 7 19 50 422 4 11 44 0 2 2 9 11 17 3 33 1 31 3 15 7 1 8 3 117 26 4 0 0 4 1 319 2451 355 627 714 229 1877 509 1077 58 36 2 240 39 5 11 5 4 0 0 0 1 64 21 303 44 58 62 34 142 2 32 9 45 513 186 68 48 25 20 3 1 1 49 6 272 23 3 10 1 1 0 0 1 1 1 0 1 1 0 0 0 1 0 0 0 0 0 0 0 1 0 0 1 0 0 0 0 0 0 0 1 0 0 0 0 0 0 0 0 0 0 0 0 0 0 0 1 0 1 0 0 0 0 1 9 0 0 2 2 8 0 0 0 0 0 5 1 3 0 5 0 0 0 0 1 1 1 0 2
7 41 8 12 156 874 65 43 59 1 22 2 23 26 12 21 87 2 45 1 137 17 11 12 49 539 185 0 7 8 22 12 204 784 1 43 2436 8903 509 4466 3788 2345 138 10 1185 1207 27 54 7 6 0 4 2 4 147 124 2513 1728 1191 2970 212 1397 13 187 9 42 747 579 46 29 26 20 15 3 0 64 9 341 42 1 16 0 0 0 0 1 1 0 0 3 0 0 1 3 4 1 0 0 0 0 0 1 1 1 0 2 0 0 0 4 0 0 4 0 0 0 0 0 2 0 1 2 2 0 0 2 2 3 3 1 0 0 0 0 1 1 0 67 1 5 13 21 91 0 7 0 0 3 7 7 4 2 8 9 4 1 11 3 3 3 0 2
12 19 7 9 64 324 28 24 40 0 6 3 28 9 2 9 44 2 22 1 57 9 3 0 12 80 21 1 1 0 9 8 63 138 0 17 49 917 1077 3788 4278 3386 179 33 2601 3440 7 142 17 8 0 9 1 1 49 36 1139 277 409 1000 114 536 8 100 25 185 1162 490 192 115 34 26 2 0 0 25 4 80 10 1 11 1 0 0 0 0 0 1 0 1 1 0 0 2 0 0 0 0 1 1 1 0 0 0 0 2 0 0 0 0 0 3 1 1 2 0 0 0 2 1 0 1 0 0 0 2 2 2 0 0 0 0 0 0 1 1 0 33 0 1 5 7 46 1 7 0 0 6 9 8 13 5 11 2 0 0 9 1 7 2 1 2
25 45 18 17 63 464 39 31 95 1 7 9 19 10 6 8 55 6 58 1 166 42 7 11 9 83 29 0 8 2 6 8 49 150 1 4 8 910 58 2345 3386 20665 267 755 818 19373 152 2004 146 158 5 37 2 4 175 151 1926 368 1793 27834 470 455 3 60 1487 823 7635 314 156 39 15 14 21 6 4 130 27 166 40 9 23 0 3 0 0 0 0 0 0 2 0 0 0 2 2 0 0 0 0 0 1 0 0 0 1 0 0 0 3 2 0 0 2 1 1 1 0 0 0 0 2 0 0 0 0 3 1 2 1 1 1 0 0 0 1 0 0 15 0 0 7 4 29 0 3 0 0 2 13 8 4 2 3 0 2 0 4 0 3 2 0 2
2 0 3 3 5 37 5 5 4 0 0 0 5 2 0 1 6 0 3 1 9 1 0 1 1 10 1 0 0 1 2 0 6 4 11 0 0 61 36 138 179 267 121 86 1364 1615 268 247 22 64 0 3 1 1 18 12 138 30 55 148 24 62 2 10 6 38 123 54 16 19 7 2 1 1 0 1 3 4 1 1 3 0 1 0 0 0 0 0 0 0 0 0 0 0 0 0 0 0 0 0 0 0 0 0 0 0 1 0 0 0 0 0 1 1 0 0 0 0 0 0 0 0 0 1 0 0 0 1 0 0 1 0 0 0 0 0 1 12 0 0 3 1 11 0 0 0 0 1 0 4 4 0 0 0 0 0 2 0 0 0 0 0
3 4 2 2 5 20 4 4 7 0 1 1 1 1 0 0 5 0 0 0 8 7 2 0 1 4 1 0 0 1 0 1 2 12 0 0 1 10 2 10 33 755 86 254 286 5135 204 3137 169 388 2 18 0 0 21 9 130 6 39 239 22 36 0 5 1033 2717 2024 71 63 31 2 6 1 2 0 12 1 14 0 0 11 0 0 0 0 0 0 0 0 0 0 0 0 0 0 0 0 0 0 0 0 0 0 0 0 0 0 0 0 0 0 0 0 0 0 0 0 0 0 1 0 0 0 0 0 0 0 1 0 1 0 0 0 0 0 0 0 2 0 0 0 0 1 0 0 0 0 3 3 1 1 1 1 0 0 0 0 0 0 0 0 0
7 13 3 6 26 138 11 16 18 1 4 1 5 5 2 4 23 0 10 1 33 5 0 2 6 22 5 1 3 1 2 3 24 52 14 2 11 308 240 1185 2601 818 1364 286 826 3247 34 239 15 1 0 3 1 2 19 12 555 113 168 418 56 239 3 49 7 85 417 238 51 33 23 7 2 3 0 14 3 53 5 1 5 0 0 0 0 0 0 0 0 0 0 0 0 0 0 0 0 0 0 0 0 0 0 0 1 0 0 0 0 2 1 1 0 0 0 0 0 0 0 0 2 0 0 0 0 1 0 1 3 0 0 0 0 0 0 1 0 25 0 0 8 5 23 0 4 0 0 2 7 4 4 1 5 3 3 0 4 1 2 2 0 1
29 46 22 29 113 1027 127 52 291 7 32 29 45 19 28 26 176 13 155 13 420 133 32 38 46 192 75 4 5 7 6 13 101 167 2 8 29 892 39 1207 3440 19373 1615 5135 3247 9739 1012 8696 163 394 6 39 5 5 611 368 3434 381 1598 10986 463 1072 11 132 1135 1141 3814 549 124 99 27 34 20 4 3 149 30 303 40 7 49 1 1 0 0 0 0 0 2 0 1 0 0 4 1 1 0 0 2 0 2 0 0 0 0 0 0 0 1 1 1 0 3 0 5 0 1 0 0 0 2 1 2 0 0 0 2 2 1 1 0 1 0 0 2 0 0 42 1 2 11 13 51 0 5 0 1 4 14 17 7 3 17 2 12 1 3 2 8 3 0 5
0 2 1 0 6 35 4 2 7 1 1 0 1 0 1 0 6 0 7 1 12 11 2 1 2 6 5 0 0 1 3 2 3 3 5 0 1 30 5 27 7 152 268 204 34 1012 929 5709 757 838 88 10 9 149 21 15 162 20 51 222 26 68 0 11 10 143 225 53 78 99 6 3 2 2 0 11 1 6 2 0 887 0 0 0 0 0 0 0 0 0 0 0 0 0 0 0 0 0 0 0 0 0 0 0 0 0 0 0 0 0 0 0 0 0 1 0 1 0 0 0 0 0 0 0 0 0 1 0 0 0 0 0 0 0 0 0 0 13 0 1 2 4 10 0 1 0 0 1 1 6 2 0 4 0 1 0 4 1 2 0 0 10
9 26 12 4 21 157 20 14 88 2 5 15 5 9 7 6 32 5 20 3 81 58 9 13 13 30 19 4 1 2 4 17 24 73 6 2 1 46 11 54 142 2004 247 3137 239 8696 5709 6353 1661 5512 70 184 14 57 176 120 1066 43 280 2085 180 217 1 49 1223 4482 3391 325 204 221 23 26 21 11 2 74 15 89 16 4 1143 0 0 0 0 0 0 0 0 0 0 0 0 3 1 0 0 0 1 0 0 0 0 0 0 1 0 0 1 0 0 1 2 0 1 0 0 0 1 0 1 0 0 2 0 1 0 0 2 3 1 1 1 0 2 0 0 21 0 0 8 6 26 0 8 0 0 6 24 18 11 4 17 3 7 0 6 0 4 1 0 35
6 12 13 2 4 2 0 2 3 1 0 0 4 0 2 6 4 4 0 1 4 1 1 1 2 0 1 5 1 0 1 20 9 34 30 2 2 2 5 7 17 146 22 169 15 163 757 1661 3443 3044 942 4145 229 404 2 4 101 0 7 160 28 37 0 38 302 4859 3567 381 702 3254 157 208 49 88 6 54 12 54 13 2 10644 0 0 0 0 0 0 0 1 0 0 0 0 0 0 1 0 0 0 0 0 0 0 0 0 0 0 0 1 0 0 0 3 1 1 0 0 0 0 0 0 0 0 1 0 0 0 1 2 16 1 1 7 0 1 0 0 9 0 0 2 2 7 0 3 0 4 7 23 59 98 19 36 2 19 1 12 2 3 1 1 374
0 3 4 1 2 6 0 0 9 0 0 0 1 0 0 0 7 1 2 0 5 4 1 2 0 2 1 1 0 0 2 8 0 14 78 10 0 2 4 6 8 158 64 388 1 394 838 5512 3044 2063 546 258 77 1171 17 9 152 2 22 208 38 33 0 14 390 4109 1598 159 215 375 26 23 29 49 3 17 5 23 2 0 621 0 0 0 1 0 0 0 0 0 0 0 0 0 0 0 0 0 1 0 0 0 0 0 0 2 0 0 1 0 0 0 1 1 0 0 1 0 0 0 0 0 0 0 0 1 0 0 0 0 0 0 1 0 0 0 0 6 0 0 1 0 4 0 3 0 1 4 9 13 17 2 10 2 0 0 2 0 1 0 0 12
0 1 0 0 2 0 0 0 0 0 0 0 2 0 0 0 0 1 0 0 0 0 0 0 0 0 0 1 3 1 1 24 0 2 123 14 0 1 0 0 0 5 0 2 0 6 88 70 942 546 866 1216 1076 501 1 0 8 0 1 3 2 5 0 9 11 654 433 60 178 786 148 53 419 442 18 13 1 2 1 0 295 0 0 0 0 0 0 0 0 0 0 0 0 0 0 0 0 0 0 0 0 0 0 0 0 0 0 0 0 0 0 0 0 0 0 0 0 0 0 0 0 0 0 0 0 0 0 0 0 2 0 1 2 0 0 0 0 2 0 0 0 0 0 0 6 0 0 2 13 25 25 14 25 1 8 0 5 0 0 0 0 15
5 10 8 2 1 1 0 0 0 1 0 2 2 0 0 2 0 0 0 0 0 0 0 0 1 1 0 0 0 1 1 50 5 14 8 0 0 0 0 4 9 37 3 18 3 39 10 184 4145 258 1216 2203 113 39 0 0 30 0 1 23 10 13 0 20 92 6689 4795 257 3301 6227 569 369 17 151 2 45 6 24 7 5 3474 0 0 0 0 0 0 0 0 0 0 0 0 0 0 0 0 0 0 0 0 0 1 0 0 0 0 0 0 0 0 0 3 1 0 2 0 0 0 0 2 1 0 0 0 2 0 2 0 20 0 1 17 0 0 0 0 3 0 0 0 1 0 0 11 0 4 6 25 48 199 20 97 1 22 0 22 0 3 1 0 354
4 1 3 1 4 1 1 4 0 0 0 0 41 7 4 2 2 4 0 0 0 0 0 0 0 0 0 54 74 30 71 260 1 3 68 15 1 1 0 2 1 2 1 0 1 5 9 14 229 77 1076 113 319 742 0 1 58 0 0 3 1 129 1 105 2 88 155 202 76 429 349 96 341 529 50 13 2 10 2 1 3457 0 0 0 0 0 0 0 0 0 0 0 0 1 1 1 0 0 0 0 0 0 0 0 0 0 0 0 7 3 9 0 2 0 0 0 0 0 0 0 0 0 0 0 0 0 0 0 0 9 0 0 2 0 1 0 0 1 0 0 0 0 1 1 1 0 0 0 1 2 34 1 6 0 2 0 0 1 0 0 0 385
3 371 141 2 4 0 0 3 1 0 0 0 16 4 0 2 2 122 0 0 0 0 0 1 0 1 0 45 34 16 68 214 234 534 611 99 0 1 1 4 1 4 1 0 2 5 149 57 404 1171 501 39 742 498 2 0 48 0 1 6 2 68 1 59 1 59 153 172 47 119 148 39 1051 1539 1182 99 49 138 44 43 1113 0 0 0 0 0 0 0 0 0 0 0 0 2 0 2 0 1 3 0 0 0 0 0 0 1 0 0 3 1 2 1 1 0 1 0 0 0 0 0 0 0 0 0 0 0 0 0 1 1 0 0 0 0 0 0 0 0 0 0 2 0 1 0 0 0 1 1 4 0 12 1 3 0 4 2 4 1 0 0 5 24
13 19 11 16 39 950 39 20 380 2 9 52 20 5 89 12 294 6 125 137 1990 4081 4142 11838 2102 2038 3401 9 14 18 3 0 136 1430 12 41 178 546 64 147 49 175 18 21 19 611 21 176 2 17 1 0 0 2 10591 13069 2019 996 2229 260 32 138 45 2 2 14 18 4 1 15 3 0 149 1 5 1151 19 1855 380 0 485 1 0 0 1 0 0 2 0 1 0 0 1 1 0 13 1 4 2 0 1 0 14 1 13 178 3 0 1 4 1 4 1 1 1 0 0 2 17 1 21 2 1 0 0 1 8 1 1 0 0 1 0 0 0 74 24 304 9 7 7 11 306 33 2 0 0 1 1 2 2 0 2 3 9 0 34 6 5 4 1 43
8 10 1 5 24 355 18 8 58 0 7 5 6 1 15 4 51 0 26 9 180 370 49 510 597 357 1777 4 8 7 9 0 35 416 4 9 75 322 21 124 36 151 12 9 12 368 15 120 4 9 0 0 1 0 13069 9250 10373 1333 10442 1674 860 291 9 1 6 9 15 3 0 2 1 0 38 0 0 179 6 334 64 2 60 0 5 0 0 1 0 0 0 1 0 0 0 2 0 2 0 1 1 0 0 0 1 0 4 53 1 1 1 0 2 6 1 2 10 6 1 0 7 2 27 4 1 1 0 2 19 3 5 0 0 0 0 1 0 26 8 425 9 8 11 47 361 14 2 0 0 0 5 0 1 3 1 6 25 1 30 3 10 6 0 14
58 91 56 58 126 217 18 54 48 2 7 14 73 24 258 44 345 25 18 6 91 327 8 200 2475 164 85 58 92 212 160 198 140 1627 34 59 334 1804 303 2513 1139 1926 138 130 555 3434 162 1066 101 152 8 30 58 48 2019 10373 19464 732 8330 15337 9965 5944 505 1594 65 198 4906 2910 25 20 159 145 315 57 22 1761 125 1373 420 15 341 0 20 4 5 2 3 1 0 7 1 0 2 5 3 59 1 13 5 0 6 3 37 0 9 215 11 0 13 10 12 24 66 41 48 50 18 9 51 13 80 24 11 23 2 46 41 74 48 14 13 9 3 4 21 112 39 2064 42 18 221 416 1779 62 110 1 15 67 203 184 29 49 183 62 201 13 214 33 116 69 7 27
8 13 7 13 46 289 20 22 12 1 8 3 9 7 4 8 27 4 10 0 41 46 1 50 158 346 1004 2 1 2 0 1 88 1153 2 17 538 8605 44 1728 277 368 30 6 113 381 20 43 0 2 0 0 0 0 996 1333 732 3779 5687 1231 10 361 9 8 3 4 10 13 2 3 1 0 48 0 0 156 11 732 144 1 48 1 0 0 0 0 0 0 0 1 0 0 0 3 0 3 0 1 0 0 0 0 3 0 1 11 0 0 0 0 0 0 0 0 2 0 0 0 3 0 4 1 0 1 0 1 0 1 0 0 0 0 0 0 0 7 0 64 0 0 0 2 41 1 2 0 0 0 0 0 1 0 0 1 3 0 5 0 4 0 0 3
6 15 5 14 54 864 54 21 55 0 11 3 15 9 23 10 48 2 62 6 253 91 11 91 368 333 664 0 4 3 8 0 103 264 2 17 83 5465 58 1191 409 1793 55 39 168 1598 51 280 7 22 1 1 0 1 2229 10442 8330 5687 11648 9541 1287 1457 26 6 12 25 41 11 1 2 0 2 22 0 0 91 7 226 45 1 21 1 0 0 0 0 0 0 0 5 0 0 0 2 1 1 3 0 0 0 1 0 3 0 1 14 1 0 0 0 0 2 1 0 2 0 0 1 4 1 4 2 0 2 0 1 3 4 1 1 0 0 0 0 1 3 1 86 2 4 7 16 92 3 0 0 0 0 0 0 0 0 3 1 10 1 10 0 5 0 0 1
28 47 26 15 59 418 27 21 68 5 9 8 29 10 14 16 43 12 38 3 142 50 14 12 47 120 43 4 1 6 36 37 61 216 2 5 28 4673 62 2970 1000 27834 148 239 418 10986 222 2085 160 208 3 23 3 6 260 1674 15337 1231 9541 21162 10508 1555 25 153 630 367 4644 803 35 10 3 9 29 6 3 135 33 226 36 8 40 0 3 0 2 0 0 0 0 0 0 0 0 1 1 1 0 1 1 0 0 1 1 0 0 5 1 0 6 2 0 7 11 1 4 3 1 0 5 1 4 2 1 2 0 5 4 5 3 9 1 0 1 1 5 1 0 101 1 1 25 25 102 0 23 0 0 15 42 26 2 3 23 8 20 4 18 3 15 2 2 6
6 12 8 2 13 14 1 3 2 1 2 0 4 1 9 3 6 6 2 1 7 4 0 1 21 12 5 2 4 8 8 10 16 102 1 5 30 65 34 212 114 470 24 22 56 463 26 180 28 38 2 10 1 2 32 860 9965 10 1287 10508 5793 195 21 33 23 47 3543 999 4 1 5 6 33 6 4 131 14 85 36 2 19 0 0 0 0 0 0 1 0 1 0 0 0 0 0 3 0 0 0 0 0 2 3 0 0 1 0 0 0 1 0 0 5 0 1 2 1 0 0 1 0 3 0 0 0 2 3 2 3 1 0 0 1 0 0 2 0 34 1 0 3 6 25 0 7 0 0 8 16 16 5 4 13 4 6 0 10 3 3 1 0 1
98 66 66 51 164 112 12 143 36 7 7 5 672 145 468 101 194 61 5 3 16 57 3 46 1365 57 12 1211 1503 2166 2907 818 72 1006 27 23 237 1182 142 1397 536 455 62 36 239 1072 68 217 37 33 5 13 129 68 138 291 5944 361 1457 1555 195 15682 2527 4220 16 88 750 1439 66 137 1525 1614 223 93 13 1425 125 901 302 44 186 12 21 1 11 6 2 4 4 13 3 0 2 63 37 137 11 31 9 1 9 3 105 0 35 576 16 1 176 107 160 251 96 35 66 67 12 7 64 23 127 46 19 30 6 65 72 87 48 23 7 14 10 10 23 248 53 2909 55 49 217 527 4915 217 178 0 7 68 191 155 75 90 284 89 261 20 344 38 162 98 13 30
12 1 4 4 19 8 2 16 1 0 3 9 98 47 1016 14 302 3 0 7 7 50 1 21 2420 2 1 211 404 1462 241 3 1 33 1 1 1 27 2 13 8 3 2 0 3 11 0 1 0 0 0 0 1 1 45 9 505 9 26 25 21 2527 973 43 1 1 5 27 0 1 1 3 4 0 1 59 3 49 13 4 9 0 0 0 1 1 0 1 0 4 0 0 0 8 15 125 1 13 0 0 4 1 121 0 24 449 1 0 15 16 36 43 3 0 6 1 0 0 6 1 10 4 0 0 0 3 5 3 0 0 0 0 0 0 0 96 10 221 7 3 6 5 341 79 1 0 0 1 1 1 0 2 1 1 6 1 20 3 12 3 1 5
9 5 10 6 8 4 2 6 6 0 1 2 17 6 13 0 4 6 0 0 1 2 0 0 7 9 0 16 35 51 30 485 9 89 9 7 20 39 32 187 100 60 10 5 49 132 11 49 38 14 9 20 105 59 2 1 1594 8 6 153 33 4220 43 3962 11 150 1022 5712 244 368 2488 4038 67 143 5 212 13 69 35 0 29 1 3 0 0 0 0 0 0 0 0 0 0 1 2 4 0 1 1 0 1 0 3 0 0 16 2 0 4 2 1 1 59 3 1 7 0 1 0 1 5 2 3 0 2 3 9 5 9 16 2 3 11 1 2 1 1 103 1 1 26 8 107 2 90 1 16 62 177 273 92 95 399 8 74 3 36 3 8 3 0 20
3 10 7 2 3 1 0 2 4 0 0 0 3 1 1 2 2 4 2 0 4 1 0 1 0 1 0 1 0 0 0 2 2 26 2 2 1 2 9 9 25 1487 6 1033 7 1135 10 1223 302 390 11 92 2 1 2 6 65 3 12 630 23 16 1 11 1101 4142 5027 109 253 92 14 31 9 5 0 26 7 45 8 0 30 0 0 0 0 0 0 0 0 0 0 0 0 0 0 0 0 0 1 0 0 0 0 0 0 0 0 0 1 0 0 0 0 0 0 0 0 0 0 0 0 0 0 0 0 0 0 0 0 0 0 0 1 0 0 0 0 3 0 0 0 0 0 0 2 0 1 2 3 1 1 2 5 0 3 0 2 0 1 1 2 2
60 117 72 35 36 17 3 24 6 1 1 2 26 3 1 23 12 26 2 0 4 5 2 6 4 5 0 5 1 1 2 153 65 364 22 12 5 8 45 42 185 823 38 2717 85 1141 143 4482 4859 4109 654 6689 88 59 14 9 198 4 25 367 47 88 1 150 4142 8322 15690 2574 9259 9879 1610 2083 128 209 14 455 86 436 92 27 7158 0 0 1 0 0 1 0 0 0 0 0 0 3 0 0 0 0 1 0 0 0 0 0 0 1 0 0 1 1 0 0 15 1 3 0 0 0 1 0 0 0 0 1 0 2 2 1 1 16 1 2 14 3 5 0 0 35 0 0 4 6 15 0 37 0 16 28 108 171 295 86 648 13 105 2 65 3 3 1 1 291
198 307 204 111 174 81 10 81 14 12 4 0 74 12 7 59 41 89 2 2 12 6 0 2 4 53 1 13 7 12 10 618 198 1537 82 51 115 75 513 747 1162 7635 123 2024 417 3814 225 3391 3567 1598 433 4795 155 153 18 15 4906 10 41 4644 3543 750 5 1022 5027 15690 31256 17226 11201 10028 8249 8656 444 381 51 2400 327 1415 423 47 2048 0 6 0 1 3 1 0 0 0 0 0 0 5 0 0 0 1 12 0 0 0 2 0 0 2 1 0 20 2 1 4 117 8 9 10 4 1 2 5 7 14 2 3 3 6 8 12 22 88 9 20 87 10 12 0 0 230 1 2 64 28 102 1 301 0 69 219 754 1342 1690 1040 3046 56 548 15 326 12 49 17 9 194
46 67 46 28 58 24 3 26 3 0 8 3 22 6 14 14 12 24 0 1 1 3 0 0 8 26 3 6 10 17 21 1078 55 518 27 24 68 57 186 579 490 314 54 71 238 549 53 325 381 159 60 257 202 172 4 3 2910 13 11 803 999 1439 27 5712 109 2574 17226 6754 4204 6530 6899 11304 206 356 26 1157 111 346 178 14 362 3 5 0 1 1 0 1 0 0 1 0 1 0 2 1 0 2 3 0 1 0 5 0 0 4 5 0 10 3 2 7 201 8 10 20 8 2 3 11 16 19 4 7 3 14 8 22 28 92 7 17 113 11 12 6 2 320 0 2 57 23 220 1 405 1 58 281 914 1821 1667 1416 4591 44 528 11 288 11 49 12 2 251
36 65 50 28 35 12 1 21 3 1 0 2 14 2 3 9 6 21 0 1 0 1 0 0 2 4 0 3 0 0 2 206 68 296 30 11 12 3 68 46 192 156 16 63 51 124 78 204 702 215 178 3301 76 47 1 0 25 2 1 35 4 66 0 244 253 9259 11201 4204 7946 24005 10622 8293 94 243 19 523 75 338 92 11 6022 0 7 1 2 2 0 0 0 0 0 0 0 1 0 1 0 0 1 0 0 0 0 0 0 1 0 0 0 5 0 0 32 5 5 10 1 1 1 3 7 9 2 3 0 11 1 7 10 81 1 9 164 5 12 1 0 67 1 0 18 7 39 0 92 1 39 74 274 652 4508 769 2073 30 169 4 98 7 22 7 2 276
48 80 54 17 32 9 1 20 1 2 0 2 28 4 3 18 17 17 0 2 1 11 0 5 5 4 2 7 8 6 12 330 47 226 24 3 5 2 48 29 115 39 19 31 33 99 99 221 3254 375 786 6227 429 119 15 2 20 3 2 10 1 137 1 368 92 9879 10028 6530 24005 16969 10155 6978 119 585 9 421 65 360 83 14 27488 4 12 1 4 5 1 0 1 3 0 0 1 3 1 1 1 1 8 0 0 2 1 0 1 4 1 0 3 0 0 0 31 6 13 8 2 1 2 12 15 11 0 4 0 18 4 19 18 405 5 9 183 12 11 2 2 62 3 1 15 8 28 0 94 1 89 70 258 1368 3957 722 2059 24 235 7 179 14 25 15 5 4252
5 21 17 8 19 4 2 13 0 1 0 0 57 14 8 12 3 17 1 0 0 0 0 0 0 0 0 89 84 47 57 679 12 73 16 4 4 0 25 26 34 15 7 2 23 27 6 23 157 26 148 569 349 148 3 1 159 1 0 3 5 1525 1 2488 14 1610 8249 6899 10622 10155 4512 11830 113 328 8 252 22 95 27 7 648 1 7 3 2 1 0 0 0 0 1 0 0 4 3 1 1 2 3 0 1 0 0 0 0 2 0 0 13 4 5 2 54 7 7 16 6 0 1 3 4 6 1 6 1 9 6 9 10 84 3 9 86 5 14 3 0 124 0 2 40 23 93 0 188 1 51 158 454 890 2192 631 3014 26 289 5 198 11 20 10 3 325
5 7 3 4 4 2 0 2 0 0 0 0 6 0 1 0 2 2 0 0 0 1 0 0 1 3 0 14 9 14 64 484 5 33 5 1 6 4 20 20 26 14 2 6 7 34 3 26 208 23 53 369 96 39 0 0 145 0 2 9 6 1614 3 4038 31 2083 8656 11304 8293 6978 11830 6877 46 155 7 114 21 30 14 2 406 0 9 0 0 1 3 0 0 0 1 0 0 6 1 1 2 0 3 0 0 0 2 0 0 1 1 0 5 3 3 13 55 8 5 15 3 1 0 7 13 9 0 1 2 12 5 9 15 55 7 11 154 7 10 1 0 85 2 2 6 8 222 1 165 0 29 87 402 1408 2346 1282 4102 23 232 5 115 7 22 6 2 194
6 50 26 1 7 27 1 3 20 0 1 4 9 5 35 2 81 142 0 15 19 127 2 37 112 49 22 17 15 13 35 114 2 42 647 31 9 55 3 15 2 21 1 1 2 20 2 21 49 29 419 17 341 1051 149 38 315 48 22 29 33 223 4 67 9 128 444 206 94 119 113 46 1064 1661 1539 1412 132 205 166 19 36 0 3 0 0 1 0 0 1 2 1 0 0 6 3 6 0 2 20 0 0 0 2 0 0 5 0 0 4 2 0 0 3 0 5 4 0 0 0 0 4 0 0 1 0 0 1 1 1 7 0 0 1 0 2 2 0 36 1 0 7 9 41 1 6 0 0 7 9 24 13 7 28 4 32 5 34 3 10 5 14 71
6 5 10 0 7 2 1 9 3 0 0 0 31 13 3 6 17 70 0 2 1 3 0 0 0 1 0 47 51 22 123 166 1 21 407 38 2 0 1 3 0 6 1 2 3 4 2 11 88 49 442 151 529 1539 1 0 57 0 0 6 6 93 0 143 5 209 381 356 243 585 328 155 1661 1300 226 1075 56 22 37 17 83 0 3 0 1 0 0 0 0 2 0 0 0 5 0 1 0 0 14 0 0 0 0 0 0 0 0 0 3 0 2 1 3 4 0 10 0 0 0 0 0 1 0 0 0 0 2 6 3 17 2 5 15 3 8 0 0 22 1 0 6 2 16 0 39 1 8 39 83 180 81 57 173 29 132 7 106 6 5 3 5 28
7 684 461 1 1 8 0 3 8 0 0 4 2 3 17 3 18 564 0 2 8 16 0 2 3 4 1 50 6 4 6 19 38 191 1181 271 2 4 1 0 0 4 0 0 0 3 0 2 6 3 18 2 50 1182 5 0 22 0 0 3 4 13 1 5 0 14 51 26 19 9 8 7 1539 226 3152 597 264 326 329 145 12 2 2 0 0 1 1 0 3 0 0 0 0 1 1 3 0 0 52 0 0 1 0 0 0 2 1 0 6 1 0 0 0 2 1 3 0 0 0 0 0 0 0 0 0 0 0 0 0 2 0 0 1 0 1 1 0 3 0 0 1 0 6 0 0 0 1 2 1 9 2 0 3 5 10 14 3 12 6 10 41 59
1386 945 206 518 1175 831 158 1237 1658 83 317 263 1608 1055 1911 940 4880 580 112 283 377 1672 15 353 1054 187 88 358 148 105 86 47 125 269 1166 119 30 100 49 64 25 130 1 12 14 149 11 74 54 17 13 45 13 99 1151 179 1761 156 91 135 131 1425 59 212 26 455 2400 1157 523 421 252 114 1412 1075 597 5028 3279 760 967 131 1138 218 158 12 94 233 68 129 356 446 140 33 18 634 243 163 252 69 43 16 9 52 68 2 5 49 9 0 342 134 27 3 14 27 15 15 6 3 5 10 14 9 1 3 1 9 8 4 8 8 4 1 6 1 8 32 5 247 6 6 42 52 249 10 19 0 2 17 37 35 39 14 40 25 47 55 263 248 163 78 70 157
2100 1517 1213 202 193 28 18 348 30 30 30 3 1511 36 20 556 68 402 2 0 2 9 0 1 13 2 1 468 45 21 33 22 109 318 308 87 3 21 6 9 4 27 3 1 3 30 1 15 12 5 1 6 2 49 19 6 125 11 7 33 14 125 3 13 7 86 327 111 75 65 22 21 132 56 264 3279 3669 4807 2226 421 142 979 776 101 377 383 41 125 732 56 181 12 1 1103 29 6 311 5 166 4 1 10 2 0 1 2 6 0 488 43 5 1 3 60 18 33 38 5 1 32 1 17 1 2 0 12 2 4 1 3 0 0 2 1 5 1 1 19 0 1 1 6 25 2 3 0 1 3 3 8 11 3 3 8 10 28 85 568 192 43 424 86
2973 2772 1610 1061 2504 3386 245 1803 1717 140 461 219 2088 829 1045 1446 3626 565 165 166 488 1382 21 415 1084 1717 497 406 188 83 72 33 1121 1864 475 256 354 766 272 341 80 166 4 14 53 303 6 89 54 23 2 24 10 138 1855 334 1373 732 226 226 85 901 49 69 45 436 1415 346 338 360 95 30 205 22 326 760 4807 4135 1241 1178 249 259 177 15 78 244 76 105 340 380 126 30 12 727 230 135 235 54 106 6 8 34 30 0 6 46 7 2 396 138 20 5 11 18 15 13 6 2 5 9 12 3 1 0 0 4 8 4 8 9 3 1 2 1 4 18 5 167 7 6 27 29 164 11 12 0 2 13 23 22 29 4 14 5 28 20 109 218 89 47 101 75
515 416 419 117 356 255 43 269 216 15 64 52 363 91 174 210 485 387 21 39 61 321 4 78 248 138 85 120 40 13 24 11 52 132 296 65 27 105 23 42 10 40 1 0 5 40 2 16 13 2 1 7 2 44 380 64 420 144 45 36 36 302 13 35 8 92 423 178 92 83 27 14 166 37 329 967 2226 1241 130 172 336 40 41 9 8 50 11 24 71 52 35 3 3 127 38 19 44 8 46 5 0 5 12 0 4 14 2 0 61 26 3 0 4 3 2 14 1 0 5 1 3 3 0 0 0 0 4 1 6 12 0 2 1 1 9 6 6 37 1 0 6 4 37 4 3 1 2 1 5 19 18 0 4 6 14 22 43 72 60 34 58 566
43 188 352 0 1 1 0 0 1 1 0 0 14 1 2 8 0 606 0 0 0 1 0 1 2 1 1 282 36 13 28 13 92 236 125 50 1 7 3 1 1 9 1 0 1 7 0 4 2 0 0 5 1 43 0 2 15 1 1 8 2 44 4 0 0 27 47 14 11 14 7 2 19 17 145 131 421 1178 172 132 24 72 109 38 24 37 3 14 49 4 22 1 1 95 2 5 26 0 340 1 0 4 2 1 1 0 1 0 36 9 1 3 0 8 4 61 7 1 1 4 0 1 1 4 0 2 1 5 1 4 2 1 2 0 15 1 1 3 0 1 1 1 4 0 0 0 2 1 1 1 2 2 2 14 15 111 16 128 156 47 441 5
28 15 6 14 46 44 8 42 54 2 13 13 38 23 115 23 300 40 5 35 43 406 4 138 325 53 46 11 4 6 7 22 12 45 17 2 11 41 10 16 11 23 3 11 5 49 887 1143 10644 621 295 3474 3457 1113 485 60 341 48 21 40 19 186 9 29 30 7158 2048 362 6022 27488 648 406 36 83 12 1138 142 249 336 24 311919 24 26 2 9 10 11 2 9 23 14 4 9 34 20 49 17 44 18 2 13 28 99 3 13 70 21 1 13 4 1 2 4 7 12 15 7 2 6 4 6 5 1 6 0 15 8 14 22 2508 19 5 329 432 94 54 6 56 6 4 12 12 27 1 12 1 364 67 92 1064 2958 222 218 45 29 39 229 85 62 213 17 80654
1640 918 305 444 400 24 26 836 5 82 29 0 1312 46 20 539 34 10 0 0 1 0 0 0 0 0 0 349 74 9 10 0 68 48 3 1 0 1 1 0 1 0 0 0 0 1 0 0 0 0 0 0 0 0 1 0 0 1 1 0 0 12 0 1 0 0 0 3 0 4 1 0 0 0 2 218 979 259 40 72 24 14466 7214 324 1233 521 75 304 11510 443 10732 292 29 13301 329 95 6104 100 14 12 5 47 88 7 24 44 55 7 3327 240 67 40 43 542 325 253 121 10 67 118 54 79 17 27 1 234 87 86 41 15 2 0 26 11 11 83 16 106 29 35 105 36 143 45 18 0 20 110 84 151 94 32 30 31 39 34 2963 5621 2522 1201 37 97
1056 651 182 380 201 8 9 499 2 45 4 1 570 20 5 290 18 60 0 0 0 0 0 0 0 0 0 130 26 3 5 2 30 18 4 0 0 2 1 0 0 3 1 0 0 1 0 0 0 0 0 0 0 0 0 5 20 0 0 3 0 21 0 3 0 0 6 5 7 12 7 9 3 3 2 158 776 177 41 109 26 7214 24280 516 5189 4254 727 3049 6976 640 1208 38 37 1457 100 99 796 92 265 77 13 171 145 7 24 74 154 10 170 27 7 7 17 6968 1901 3416 1850 51 177 1242 168 269 54 98 27 820 248 318 152 57 20 5 54 10 436 211 45 231 122 145 268 64 56 7 20 5 63 243 187 371 213 60 69 696 138 2379 2480 5188 3522 1013 534 109
265 114 96 15 8 0 0 22 0 1 0 0 186 0 1 41 3 20 0 0 0 0 0 0 0 0 0 53 4 1 0 0 1 3 1 0 0 0 0 0 0 0 0 0 0 0 0 0 0 0 0 0 0 0 0 0 4 0 0 0 0 1 0 0 0 1 0 0 1 1 3 0 0 0 0 12 101 15 9 38 2 324 516 116 12 4 2 0 12 2 9 0 0 469 6 6 29 2 42 0 3 3 12 2 3 6 7 0 156 6 0 2 1 363 164 825 219 3 9 17 3 9 8 9 1 39 30 37 11 9 2 0 8 1 118 14 1 26 8 11 20 8 7 0 2 3 14 41 21 46 16 8 12 228 13 705 294 816 404 154 135 19
372 225 59 171 152 6 14 313 1 26 9 0 343 22 8 171 19 1 1 0 0 0 0 0 0 0 0 74 18 1 0 0 18 11 3 1 2 0 0 0 0 0 0 0 0 0 0 0 0 1 0 0 0 0 1 0 5 0 0 2 0 11 1 0 0 0 1 1 2 4 2 0 0 1 0 94 377 78 8 24 9 1233 5189 12 2034 4998 2734 362 804 355 764 71 43 683 126 101 761 130 2 125 9 246 113 15 44 50 304 29 58 36 9 5 12 6943 1468 200 886 167 282 1006 269 533 25 22 15 670 147 60 68 29 5 1 16 3 4 246 53 187 174 248 224 38 36 9 14 2 26 114 107 211 91 22 41 27 29 12 1430 2257 1543 383 12 53
271 143 55 131 352 30 46 906 16 85 75 2 858 157 53 428 110 5 0 0 0 0 0 0 2 0 0 105 66 9 2 1 35 39 1 0 0 2 1 1 0 0 0 0 0 0 0 0 0 0 0 0 0 0 0 1 2 0 0 0 0 6 1 0 0 0 3 1 2 5 1 1 1 0 1 233 383 244 50 37 10 521 4254 4 4998 7593 6852 7264 2778 3583 805 223 270 1187 724 399 1355 645 3 2144 39 3374 207 56 90 51 1105 43 84 76 36 15 38 3541 844 46 606 225 294 615 313 356 38 13 14 304 176 32 118 15 7 0 15 5 7 444 126 193 230 459 441 78 103 26 9 2 12 91 74 116 53 16 40 42 28 13 2039 3701 1346 370 15 78
20 19 9 16 75 25 16 129 3 13 24 0 214 113 77 72 119 1 0 0 0 2 1 0 1 0 0 20 42 9 0 0 14 14 0 0 0 1 1 1 0 0 0 0 0 0 0 0 0 0 0 0 0 0 0 0 3 0 0 0 0 2 0 0 0 1 1 0 0 1 0 3 0 0 1 68 41 76 11 3 11 75 727 2 2734 6852 5483 3007 391 3285 167 96 505 212 669 999 330 985 0 5337 98 5469 415 144 165 59 4053 573 17 35 19 1 8 12109 3958 58 1715 1839 766 1560 999 232 40 16 20 216 196 25 112 10 5 2 4 4 6 1157 351 293 630 782 508 119 77 9 11 3 16 102 79 116 27 10 37 65 10 14 952 1196 2395 350 5 67
94 53 17 40 132 22 19 435 13 32 59 1 451 96 76 198 109 0 1 0 0 0 0 0 0 0 0 45 46 3 0 0 18 30 0 1 0 3 1 0 1 0 0 0 0 0 0 0 0 0 0 0 0 0 2 0 1 0 0 0 1 4 1 0 0 0 0 1 0 0 0 0 0 0 0 129 125 105 24 14 2 304 3049 0 362 7264 3007 9145 13033 14712 4432 307 255 540 386 204 852 383 2 5576 115 3246 539 12 37 17 172 2 35 32 15 15 9 65 45 9 29 8 41 42 28 19 21 3 9 23 93 16 69 3 2 0 1 2 2 210 53 84 60 202 345 52 30 5 1 2 3 30 9 0 5 1 2 18 6 3 743 1608 159 60 5 20
679 430 106 373 651 49 84 1575 15 141 90 1 1441 132 46 715 104 13 0 0 0 0 0 0 1 1 0 208 81 9 4 0 84 67 2 2 1 3 0 0 0 0 0 0 0 2 0 0 1 0 0 0 0 0 0 0 0 0 0 0 0 4 0 0 0 0 0 0 0 1 0 0 1 0 3 356 732 340 71 49 9 11510 6976 12 804 2778 391 13033 14922 10317 19583 2103 397 2359 466 164 5060 544 3 221 32 389 106 5 10 25 63 4 307 102 25 26 34 261 133 31 62 13 25 74 29 35 9 10 5 55 49 19 28 9 5 1 8 2 4 70 23 64 31 70 179 27 86 14 7 1 7 42 19 33 12 10 9 45 32 10 2266 5068 758 291 7 56
38 20 12 7 192 143 59 380 69 14 114 11 1418 1364 1031 433 1314 7 3 1 5 4 0 1 4 2 0 107 388 78 4 0 65 42 0 0 1 13 1 3 1 2 0 0 0 0 0 0 0 0 0 0 0 0 1 1 7 1 5 0 1 13 4 0 0 0 0 0 0 3 0 0 2 2 0 446 56 380 52 4 23 443 640 2 355 3583 3285 14712 10317 29439 15077 3385 8545 596 841 884 2518 4381 4 8912 6730 7341 5742 65 373 142 548 7 33 136 45 12 29 615 319 50 154 33 132 180 96 49 74 21 82 84 420 61 510 62 55 14 7 6 15 1099 180 741 147 696 3131 434 108 14 4 13 30 375 113 36 9 10 17 135 57 34 4585 6979 2064 551 17 174
147 89 23 84 183 23 26 527 12 44 44 1 523 65 26 240 81 7 0 0 1 0 0 0 0 2 0 76 36 1 0 1 21 21 0 0 0 2 1 0 1 0 0 0 0 1 0 0 0 0 0 0 0 0 0 0 1 0 0 0 0 3 0 0 0 0 0 1 0 0 1 1 1 0 0 140 181 126 35 22 14 10732 1208 9 764 805 167 4432 19583 15077 10899 1624 489 2561 241 70 5012 391 1 82 16 127 53 1 10 19 23 2 178 68 15 11 14 258 103 18 44 5 12 66 15 20 6 6 2 44 18 10 14 6 1 0 2 3 3 29 6 32 13 10 55 13 45 7 6 0 5 28 18 48 23 6 12 11 17 4 984 2069 597 210 3 35
5 5 2 0 18 7 3 42 3 4 13 0 102 38 8 43 30 0 0 0 0 1 0 0 0 0 0 5 12 1 0 0 4 4 0 0 0 0 0 0 0 0 0 0 0 0 0 0 0 0 0 0 0 0 0 0 0 0 0 0 0 0 0 0 0 0 0 0 0 0 0 0 0 0 0 33 12 30 3 1 4 292 38 0 71 223 96 307 2103 3385 1624 1481 1246 678 643 41 5528 1295 0 11 8 25 6 0 0 5 12 0 9 8 4 4 3 42 32 3 10 2 5 8 1 4 2 1 0 10 3 0 7 2 0 0 2 0 0 8 2 10 1 0 16 2 12 0 2 0 3 9 4 4 3 1 3 4 4 3 298 285 175 49 0 9
0 1 1 0 13 12 3 4 4 0 5 0 53 173 194 15 193 0 0 0 0 0 0 0 3 1 0 5 42 14 1 0 1 5 1 0 0 0 0 1 0 0 0 0 0 0 0 0 0 0 0 0 0 0 1 0 2 0 0 0 0 2 0 0 0 0 0 1 0 1 0 0 0 0 0 18 1 12 3 1 9 29 37 0 43 270 505 255 397 8545 489 1246 6019 109 497 932 698 6655 0 121 2233 389 625 3 26 34 95 3 3 8 4 2 1 191 100 6 47 9 18 39 20 7 11 0 5 12 18 3 37 12 6 4 0 1 2 100 36 216 18 44 326 56 54 10 3 2 5 92 26 7 7 3 1 40 8 7 978 573 559 131 0 48
2015 1015 428 559 884 81 116 2008 33 166 109 0 3782 390 116 1284 260 13 2 0 0 2 0 0 0 4 0 1863 868 64 29 13 138 146 5 0 0 6 0 3 2 2 0 0 0 4 0 3 0 0 0 0 1 2 1 2 5 3 2 1 0 63 8 1 0 3 5 0 1 3 4 6 6 5 1 634 1103 727 127 95 34 13301 1457 469 683 1187 212 540 2359 596 2561 678 109 18175 3774 536 10338 392 15 28 14 64 68 1 12 104 45 4 22217 2118 560 312 341 510 267 115 89 11 57 75 31 36 12 19 7 111 62 42 25 16 3 8 22 49 29 91 16 177 28 40 76 27 1105 259 72 2 8 59 46 86 69 82 66 29 71 25 3226 6090 1965 809 23 64
37 19 14 8 86 101 32 181 58 18 73 8 1342 1236 494 209 790 4 1 0 5 0 0 2 4 0 0 247 877 173 21 6 45 31 0 0 1 12 1 4 0 2 0 0 0 1 0 1 0 0 0 0 1 0 0 0 3 0 1 1 0 37 15 2 0 0 0 2 0 1 3 1 3 0 1 243 29 230 38 2 20 329 100 6 126 724 669 386 466 841 241 643 497 3774 5467 2878 1127 1769 1 54 18 244 45 2 16 129 71 4 988 2797 652 122 175 360 156 19 58 13 34 47 15 10 5 3 1 27 13 4 5 4 0 3 7 27 15 58 12 176 11 30 32 11 994 346 47 1 2 13 27 20 18 26 38 33 41 10 1987 1668 1132 275 3 82
7 3 1 7 25 69 10 51 37 2 27 9 331 854 6129 64 2859 4 6 8 51 166 2 13 140 2 2 124 908 1183 81 4 11 14 0 0 0 4 0 1 0 0 0 0 0 1 0 0 1 0 0 0 1 2 13 2 59 3 1 1 3 137 125 4 0 0 0 1 1 1 1 1 6 1 3 163 6 135 19 5 49 95 99 6 101 399 999 204 164 884 70 41 932 536 2878 9231 183 4153 3 363 705 1498 3342 8 78 5952 375 3 107 2806 4545 176 83 431 327 18 151 39 39 135 44 15 15 7 6 28 40 6 28 15 1 5 3 27 15 295 62 1792 46 107 219 153 2316 1491 44 3 7 73 89 21 15 10 29 357 48 43 5412 2360 2040 858 4 431
281 144 48 128 319 41 56 799 22 76 67 1 1033 182 40 442 124 5 2 0 0 1 0 0 1 1 0 190 142 10 3 2 49 37 2 0 0 3 0 0 0 0 0 0 0 0 0 0 0 0 0 0 0 0 1 0 1 0 3 0 0 11 1 0 0 0 0 0 0 1 1 2 0 0 0 252 311 235 44 26 17 6104 796 29 761 1355 330 852 5060 2518 5012 5528 698 10338 1127 183 5890 1211 7 25 19 82 40 3 11 23 57 4 1337 203 92 43 74 432 199 51 79 9 26 93 28 47 9 6 4 70 28 16 22 5 1 0 4 12 5 48 6 78 10 19 63 12 187 47 18 1 7 46 38 58 26 19 27 25 20 10 2049 2563 1290 480 9 61
3 2 2 4 16 33 5 32 17 1 21 3 195 339 1012 44 601 6 0 2 4 15 0 3 8 0 1 27 199 174 2 1 4 7 0 0 0 3 0 0 0 0 0 0 0 0 0 0 0 0 0 0 0 1 4 1 13 1 0 1 0 31 13 1 0 0 1 2 0 1 2 0 2 0 0 69 5 54 8 0 44 100 92 2 130 645 985 383 544 4381 391 1295 6655 392 1769 4153 1211 3611 4 329 4983 1267 3391 15 109 725 273 2 11 44 130 13 14 498 288 16 122 25 40 99 28 19 13 8 9 30 32 11 47 17 10 3 2 6 5 296 61 903 35 110 348 136 310 88 19 4 11 91 71 36 10 10 11 212 25 51 3959 1516 1896 652 2 290
5 26 119 0 2 1 0 0 1 0 0 0 9 1 4 2 2 318 0 0 0 0 0 2 0 0 0 85 14 1 5 1 6 21 26 13 0 2 0 0 1 0 0 0 0 2 0 1 0 1 0 0 0 3 2 1 5 0 0 1 0 9 0 1 1 1 12 3 1 8 3 3 20 14 52 43 166 106 46 340 18 14 265 42 2 3 0 2 3 4 1 0 0 15 1 3 7 4 101 0 2 1 9 0 1 6 2 0 115 71 9 3 4 68 25 374 57 0 1 3 6 0 1 9 0 6 5 22 5 5 0 0 4 3 103 9 1 17 2 4 15 4 4 0 4 0 1 20 16 31 13 4 6 94 71 554 312 144 527 116 321 46
2 1 0 4 5 2 0 13 5 0 3 0 32 84 117 10 121 0 0 0 1 1 0 0 1 0 1 6 25 15 0 0 4 0 0 0 0 0 0 0 1 0 0 0 0 0 0 0 0 0 0 0 0 0 0 0 0 0 0 0 0 1 0 0 0 0 0 0 0 0 0 0 0 0 0 16 4 6 5 1 2 12 77 0 125 2144 5337 5576 221 8912 82 11 121 28 54 363 25 329 0 4819 159 11793 1824 50 152 20 891 11 0 7 7 0 4 136 70 8 143 56 39 159 58 18 13 3 12 13 69 7 52 4 5 0 0 0 2 375 56 79 63 163 327 29 8 2 1 2 0 31 7 4 0 0 0 8 2 4 220 438 141 48 0 14
0 0 0 0 0 1 0 0 3 0 2 0 5 16 334 0 132 0 2 1 2 1 0 0 1 0 0 5 37 40 2 0 0 0 0 0 0 0 0 0 1 1 0 0 0 2 0 0 0 0 0 0 0 0 1 0 6 0 1 0 0 9 4 1 0 0 0 1 0 0 1 0 0 0 0 9 1 8 0 0 13 5 13 3 9 39 98 115 32 6730 16 8 2233 14 18 705 19 4983 2 159 5156 1037 14201 13 354 522 57 0 0 2 7 1 1 72 61 8 14 6 13 21 15 8 13 2 2 7 27 5 40 19 8 1 1 1 4 894 76 441 14 70 490 138 40 5 2 1 4 98 41 9 3 0 1 70 7 7 827 569 336 168 0 73
4 3 2 3 20 8 3 35 13 3 10 3 92 214 945 27 588 1 0 2 4 2 0 1 4 0 0 13 109 82 3 2 6 2 0 0 0 1 0 1 0 0 0 0 0 0 0 0 0 0 0 0 0 0 0 0 3 0 0 1 2 3 1 0 0 0 0 0 0 2 0 0 0 0 1 52 10 34 5 4 28 47 171 3 246 3374 5469 3246 389 7341 127 25 389 64 244 1498 82 1267 1 11793 1037 8773 6490 4554 3597 96 5636 109 3 36 39 1 7 475 358 19 202 382 411 284 730 74 41 12 32 70 226 31 214 10 10 0 1 5 11 4958 504 499 917 745 1201 252 44 11 1 7 7 93 31 19 9 2 10 219 8 25 1599 1614 1071 612 1 170
2 0 0 1 4 7 0 8 5 0 2 2 29 91 2615 10 1160 4 2 4 11 63 0 4 107 0 0 10 119 359 22 0 2 8 1 1 0 3 1 1 0 0 0 0 0 0 0 0 0 0 0 1 0 0 14 1 37 3 3 1 3 105 121 3 0 0 2 5 0 1 0 2 2 0 0 68 2 30 12 2 99 88 145 12 113 207 415 539 106 5742 53 6 625 68 45 3342 40 3391 9 1824 14201 6490 17714 1543 19141 2431 852 23 9 18 157 18 5 437 620 36 102 76 115 68 110 23 53 11 36 37 205 31 260 59 25 5 3 7 23 15138 1315 2161 407 711 2526 603 191 119 7 5 19 266 94 29 24 0 4 956 33 106 7718 3994 2927 2461 12 1284
1 0 0 0 0 0 0 0 0 0 0 0 2 1 21 1 8 1 0 0 0 0 0 0 0 0 0 0 3 0 0 0 0 0 0 0 0 0 0 1 0 0 0 0 0 0 0 0 0 0 0 0 0 0 1 0 0 0 0 0 0 0 0 0 0 0 0 0 0 0 0 0 0 0 0 2 0 0 0 1 3 7 7 2 15 56 144 12 5 65 1 0 3 1 2 8 3 15 0 50 13 4554 1543 977 1062 7 2508 24 0 0 0 0 0 37 58 3 36 130 189 69 246 16 7 0 1 13 21 1 20 1 1 1 0 0 0 4719 233 81 902 229 119 25 6 0 1 0 0 3 2 3 3 0 0 19 0 3 90 18 122 73 1 21
1 0 0 0 2 0 0 1 0 0 0 0 2 3 104 0 33 0 0 0 0 4 0 5 71 0 0 2 3 17 7 0 0 4 0 0 0 4 0 0 0 1 0 0 1 0 0 0 0 0 0 0 0 0 13 4 9 1 1 0 0 35 24 0 0 0 0 0 0 1 0 0 0 0 0 5 1 6 4 1 13 24 24 3 44 90 165 37 10 373 10 0 26 12 16 78 11 109 1 152 354 3597 19141 1062 4484 2270 1383 19 2 6 7 0 0 125 217 14 53 78 96 54 138 11 7 5 6 18 44 10 53 8 7 2 0 0 3 19078 977 744 371 366 514 132 279 56 0 2 1 39 9 5 3 1 0 142 10 9 1053 263 520 369 10 191
2 3 0 0 0 4 1 2 1 1 0 1 19 13 1319 4 505 0 0 2 10 125 0 43 861 0 2 5 53 322 97 2 4 31 0 0 1 13 1 2 2 0 0 0 0 0 0 1 0 2 0 0 0 1 178 53 215 11 14 5 1 576 449 16 0 1 2 4 1 4 2 1 5 0 2 49 2 46 14 0 70 44 74 6 50 51 59 17 25 142 19 5 34 104 129 5952 23 725 6 20 522 96 2431 7 2270 9827 60 5 33 126 511 135 5 183 452 18 54 23 119 20 104 18 12 1 7 31 38 4 11 14 4 2 0 10 7 3969 698 4363 107 97 118 403 3819 3352 18 0 6 32 43 11 11 3 8 391 58 27 4568 691 1188 1160 9 700
3 2 1 0 4 2 0 11 1 3 6 0 22 22 116 11 69 0 1 0 0 0 0 0 6 0 0 3 12 7 0 0 0 4 0 0 0 0 0 0 0 0 1 0 0 0 0 0 0 0 0 0 0 0 3 1 11 0 1 1 0 16 1 2 0 0 1 5 0 1 0 1 0 0 1 9 6 7 2 1 21 55 154 7 304 1105 4053 172 63 548 23 12 95 45 71 375 57 273 2 891 57 5636 852 2508 1383 60 5059 2654 5 7 7 1 3 1248 3014 36 1126 5981 5002 1039 7772 574 97 12 35 478 496 28 100 13 9 1 1 2 9 6710 1397 585 6572 1777 639 188 64 3 28 8 20 100 160 109 13 9 46 192 7 25 833 291 1725 744 7 153
0 0 0 0 0 0 0 2 0 0 0 0 1 0 0 0 0 0 0 0 0 0 0 0 0 0 0 0 1 0 0 0 0 0 0 0 0 0 0 0 0 0 0 0 0 0 0 0 0 0 0 0 0 0 0 1 0 0 0 0 0 1 0 0 0 0 0 0 0 0 0 0 0 0 0 0 0 2 0 0 1 7 10 0 29 43 573 2 4 7 2 0 3 4 4 3 4 2 0 11 0 109 23 24 19 5 2654 583 0 0 0 0 0 380 1688 2 341 1649 1808 306 1010 29 6 1 0 26 22 4 7 3 0 0 1 0 0 752 125 52 1475 197 44 11 9 1 4 0 0 10 11 9 1 0 7 6 1 1 17 11 231 35 0 3
902 448 237 286 452 36 46 900 16 69 51 2 2614 149 52 641 75 87 0 1 0 2 0 2 6 2 0 6954 2178 212 98 30 98 82 0 0 1 3 0 0 0 3 0 0 0 1 0 1 1 1 0 0 7 3 1 1 13 0 0 6 0 176 15 4 1 1 20 10 0 3 13 5 4 3 6 342 488 396 61 36 13 3327 170 156 58 84 17 35 307 33 178 9 3 22217 988 107 1337 11 115 0 0 3 9 0 2 33 5 0 14402 5770 1372 706 499 41 21 20 7 1 5 11 3 7 3 2 0 10 6 5 5 4 0 12 11 75 25 10 2 81 4 1 4 4 1475 210 78 0 1 1 7 10 21 92 89 16 32 7 372 1182 210 114 39 5
53 31 21 19 110 41 20 172 24 10 29 5 966 457 234 151 216 19 0 0 0 1 0 0 4 0 1 979 2393 426 72 14 32 20 0 0 2 3 0 4 0 2 0 0 2 1 0 0 0 0 0 0 3 1 4 0 10 0 0 2 1 107 16 2 0 1 2 3 5 0 4 3 2 0 1 134 43 138 26 9 4 240 27 6 36 76 35 32 102 136 68 8 8 2118 2797 2806 203 44 71 7 2 36 18 0 6 126 7 0 5770 3968 3541 543 274 18 21 8 5 0 4 4 1 1 0 1 0 3 2 3 0 3 0 5 6 45 15 14 3 186 2 2 4 5 1800 583 71 0 1 2 13 5 15 58 83 8 30 4 197 333 108 48 37 9
12 4 3 2 15 8 1 19 4 1 3 2 115 135 586 14 252 11 0 0 1 16 0 0 19 0 0 166 948 1364 265 36 3 3 0 0 0 1 0 0 0 0 0 0 1 1 0 0 0 0 0 0 9 2 1 2 12 0 0 0 0 160 36 1 0 0 1 2 0 0 5 3 0 2 0 27 5 20 3 1 1 67 7 0 9 36 19 15 25 45 15 4 4 560 652 4545 92 130 9 7 7 39 157 0 7 511 7 0 1372 3541 4078 1160 116 12 8 4 3 1 3 2 1 0 0 0 0 2 1 0 1 0 0 3 3 19 7 22 3 339 4 1 7 17 2104 1840 53 0 0 2 11 2 6 28 46 12 2 3 144 115 57 26 13 9
3 1 1 2 2 1 0 7 0 0 0 0 32 9 48 4 14 1 0 0 0 2 0 1 13 0 0 79 116 293 401 50 0 0 0 0 0 0 0 0 3 0 0 0 1 0 0 1 0 0 0 0 0 1 4 6 24 0 2 7 0 251 43 1 0 0 4 7 0 0 2 13 0 1 0 3 1 5 0 3 2 40 7 2 5 15 1 15 26 12 11 4 2 312 122 176 43 13 3 0 1 1 18 0 0 135 1 0 706 543 1160 501 494 11 1 6 1 1 4 1 4 0 1 0 0 3 1 4 3 0 0 7 4 34 16 5 3 282 1 2 14 17 4320 747 83 0 0 5 6 2 43 112 246 4 8 1 48 26 29 7 3 1
1 5 2 1 1 0 0 2 0 0 0 0 34 10 8 2 1 3 0 0 0 1 0 1 3 0 0 57 70 22 62 107 4 7 0 0 0 1 0 4 1 2 1 0 0 3 0 2 3 1 0 3 2 1 1 1 66 0 1 11 5 96 3 59 0 15 117 201 32 31 54 55 3 3 0 14 3 11 4 0 4 43 17 1 12 38 8 9 34 29 14 3 1 341 175 83 74 14 4 4 1 7 5 0 0 5 3 0 499 274 116 494 384 18 28 62 14 1 12 10 21 8 7 5 1 18 17 24 34 65 9 58 86 263 126 1 1 402 5 16 89 26 700 6 608 3 31 101 438 532 870 1280 890 63 173 22 167 33 68 31 7 48
65 46 14 36 36 3 4 73 1 4 5 0 84 17 28 42 15 4 0 1 0 0 0 0 1 0 0 24 15 2 2 0 6 3 0 1 2 1 1 0 1 1 1 0 0 0 0 0 1 1 0 1 0 0 1 2 41 0 0 1 0 35 0 3 0 1 8 8 5 6 7 8 0 4 2 27 60 18 3 8 7 542 6968 363 6943 3541 12109 65 261 615 258 42 191 510 360 431 432 498 68 136 72 475 437 37 125 183 1248 380 41 18 12 11 18 16930 7688 3169 3023 616 1344 1422 550 229 93 93 29 715 430 216 195 57 28 5 45 6 154 1037 264 502 687 804 488 116 83 13 33 6 66 279 241 415 166 43 106 140 29 458 618 826 3785 312 62 72
16 15 3 16 9 0 1 17 0 1 1 0 30 5 26 14 17 2 0 0 0 0 0 0 13 1 0 5 13 5 2 0 0 6 0 0 0 0 0 0 2 1 0 0 0 5 1 1 1 0 0 0 0 1 1 10 48 2 2 4 1 66 6 1 0 3 9 10 5 13 7 5 5 0 1 15 18 15 2 4 12 325 1901 164 1468 844 3958 45 133 319 103 32 100 267 156 327 199 288 25 70 61 358 620 58 217 452 3014 1688 21 21 8 1 28 7688 7254 2138 4515 2568 4085 3281 2827 797 114 52 42 1649 450 136 160 60 13 6 26 10 112 1995 415 1678 1301 800 728 334 225 16 83 3 74 472 606 665 148 63 235 75 10 154 205 385 3075 173 32 62
12 6 23 3 1 1 1 5 0 0 0 0 4 2 2 2 2 97 0 0 0 0 0 0 2 0 0 6 1 0 2 3 0 2 1 1 0 3 0 0 0 1 0 0 0 0 0 0 0 0 0 2 0 0 0 6 50 0 0 3 2 67 1 7 0 0 10 20 10 8 16 15 4 10 3 15 33 13 14 61 15 253 3416 825 200 46 58 9 31 50 18 3 6 115 19 18 51 16 374 8 8 19 36 3 14 18 36 2 20 8 4 6 62 3169 2138 22169 7798 27 101 2079 193 899 103 1668 48 2225 486 4847 635 274 182 289 253 293 4728 60 16 244 87 118 466 86 65 2 51 13 114 427 244 528 378 111 111 2068 1090 3156 1681 1096 4313 1129 1132 121
26 18 8 5 18 0 2 23 0 3 0 1 24 9 6 11 14 14 0 0 0 0 0 0 1 0 0 10 3 4 0 0 1 0 0 0 0 0 0 0 0 0 0 0 0 1 1 0 0 1 0 0 0 0 0 1 18 0 0 1 1 12 0 0 0 0 4 8 1 2 6 3 0 0 0 6 38 6 1 7 7 121 1850 219 886 606 1715 29 62 154 44 10 47 89 58 151 79 122 57 143 14 202 102 36 53 54 1126 341 7 5 3 1 14 3023 4515 7798 1137 1722 429 2365 1285 609 17 22 9 891 138 71 51 30 4 33 21 50 1064 380 102 205 267 198 191 58 38 3 17 2 21 151 148 257 64 27 74 584 139 582 379 380 1278 190 143 39
0 1 0 0 3 0 0 3 0 0 0 0 4 1 5 1 1 0 0 0 0 1 0 0 2 0 0 1 1 2 2 0 1 1 0 0 0 0 0 0 0 0 0 0 0 0 0 0 0 0 0 0 0 0 2 0 9 0 1 0 0 7 0 1 0 0 1 2 1 1 0 1 0 0 0 3 5 2 0 1 2 10 51 3 167 225 1839 8 13 33 5 2 9 11 13 39 9 25 0 56 6 382 76 130 78 23 5981 1649 1 0 1 1 1 616 2568 27 1722 2669 3236 1252 6568 299 59 5 14 471 280 19 38 10 2 0 0 1 1 1013 215 262 1876 356 157 63 42 0 9 2 8 84 116 78 10 6 39 15 1 2 125 56 542 141 0 18
2 1 1 1 3 2 0 1 0 1 0 0 3 1 11 1 4 0 0 0 0 2 0 1 17 0 0 1 2 2 4 1 0 3 0 0 1 4 0 2 2 0 0 0 0 0 0 1 0 0 0 0 0 0 17 7 51 3 4 5 0 64 6 0 0 1 2 3 1 2 1 0 0 0 0 5 1 5 5 1 6 67 177 9 282 294 766 41 25 132 12 5 18 57 34 39 26 40 1 39 13 411 115 189 96 119 5002 1808 5 4 3 4 12 1344 4085 101 429 3236 10774 471 13614 1380 1240 59 154 866 3225 201 604 12 17 2 4 9 8 2442 961 883 20639 12081 4070 171 122 9 27 15 25 149 157 100 16 9 52 68 6 11 214 142 1210 275 6 34
30 18 5 12 16 1 0 35 2 5 1 0 34 5 14 13 9 1 0 0 1 0 0 0 0 0 0 5 4 1 0 1 2 3 0 0 0 2 0 0 1 0 0 1 0 0 0 0 0 0 0 0 0 0 1 2 13 0 1 1 1 23 1 1 0 0 5 11 3 12 3 7 0 0 0 10 32 9 1 4 4 118 1242 17 1006 615 1560 42 74 180 66 8 39 75 47 135 93 99 3 159 21 284 68 69 54 20 1039 306 11 4 2 1 10 1422 3281 2079 2365 1252 471 4022 3392 5994 67 176 24 6072 298 460 71 54 6 3 37 6 21 307 105 238 301 188 306 48 40 1 29 6 72 348 264 576 186 44 120 33 16 18 357 319 795 140 11 72
4 1 0 0 2 0 0 2 0 0 1 0 3 0 8 2 7 0 0 0 0 2 0 2 31 0 0 1 2 1 4 1 0 14 0 1 1 4 0 1 0 2 0 0 2 2 0 1 0 0 0 2 0 0 21 27 80 4 4 4 0 127 10 5 0 0 7 16 7 15 4 13 4 0 0 14 1 12 3 0 6 54 168 3 269 313 999 28 29 96 15 1 20 31 15 44 28 28 6 58 15 730 110 246 138 104 7772 1010 3 1 1 4 21 550 2827 193 1285 6568 13614 3392 12635 14291 4126 317 457 7702 9742 401 870 117 39 5 32 5 11 1597 379 1878 8689 2349 4535 411 301 9 173 47 126 990 1220 1115 156 66 455 58 13 13 223 133 813 267 12 98
7 2 1 2 7 0 0 11 1 1 1 0 12 3 3 7 0 0 0 0 0 0 0 0 3 0 0 2 0 0 2 2 0 2 1 0 1 2 0 2 1 0 0 0 0 1 0 0 0 0 0 1 0 0 2 4 24 1 2 2 3 46 4 2 0 0 14 19 9 11 6 9 0 1 0 9 17 3 3 1 5 79 269 9 533 356 232 19 35 49 20 4 7 36 10 15 47 19 0 18 8 74 23 16 11 18 574 29 7 1 0 0 8 229 797 899 609 299 1380 5994 14291 9720 3878 389 273 13873 9450 1035 494 74 18 4 34 6 10 123 34 432 1572 617 3601 101 78 0 62 35 121 723 597 997 199 63 289 7 13 5 126 146 305 69 7 83
0 0 0 0 0 0 0 0 0 1 0 0 1 0 3 1 1 1 0 0 0 0 0 0 2 0 0 1 1 2 0 0 0 0 0 0 0 1 0 2 0 0 0 0 0 2 0 0 0 0 0 0 0 0 1 1 11 0 0 1 0 19 0 3 0 0 2 4 2 0 1 0 0 0 0 1 1 1 0 1 1 17 54 8 25 38 40 21 9 74 6 2 11 12 5 15 9 13 1 13 13 41 53 7 7 12 97 6 3 0 0 1 7 93 114 103 17 59 1240 67 4126 3878 11190 118 1245 1042 23833 302 2575 154 130 18 8 4 50 110 109 327 2433 4468 35799 261 59 1 28 1179 340 10206 321 194 8 3 28 14 10 8 75 66 155 62 15 23
0 0 1 0 0 0 0 1 0 0 0 0 1 0 1 0 0 1 0 0 0 0 0 0 1 0 0 1 0 0 1 3 0 3 0 0 0 0 0 0 0 0 1 0 0 0 0 2 1 0 0 0 0 0 0 1 23 1 2 2 0 30 0 0 0 1 3 7 3 4 6 1 1 0 0 3 2 0 0 4 6 27 98 9 22 13 16 3 10 21 6 1 0 19 3 7 6 8 9 3 2 12 11 0 5 1 12 1 2 1 0 0 5 93 52 1668 22 5 59 176 317 389 118 329 241 6149 1752 3903 1731 123 127 34 71 15 122 14 6 100 105 142 430 28 17 1 14 8 29 171 60 141 97 38 19 41 63 12 126 79 132 44 21 24
0 0 0 0 0 0 0 2 0 0 0 0 1 1 1 0 2 0 0 0 0 0 0 0 2 0 0 0 0 0 0 0 0 0 0 0 0 1 0 0 0 0 0 0 0 0 0 0 0 0 0 0 0 0 0 0 2 0 0 0 0 6 0 2 0 0 3 3 0 0 1 2 0 0 0 1 0 0 0 0 0 1 27 1 15 14 20 9 5 82 2 0 5 7 1 6 4 9 0 12 2 32 36 1 6 7 35 0 0 0 0 0 1 29 42 48 9 14 154 24 457 273 1245 241 1951 1180 13539 243 8973 222 199 16 15 4 34 28 23 109 230 476 2764 58 15 0 8 1502 1267 2999 183 292 15 5 13 7 3 3 28 16 49 22 4 26
14 11 0 4 2 0 0 10 0 2 1 0 14 0 1 3 2 1 0 0 0 1 0 0 5 0 0 4 1 0 5 0 1 1 0 0 0 1 0 2 2 3 0 0 1 0 0 1 0 1 0 2 0 0 1 2 46 1 1 5 2 65 3 3 0 2 6 14 11 18 9 12 0 0 0 9 12 4 0 2 15 234 820 39 670 304 216 23 55 84 44 10 12 111 27 28 70 30 6 13 7 70 37 13 18 31 478 26 10 3 2 3 18 715 1649 2225 891 471 866 6072 7702 13873 1042 6149 1180 9604 7966 8794 3181 144 101 3 77 15 16 122 30 443 704 487 1731 123 93 3 64 46 176 894 671 1339 361 115 267 19 45 27 298 371 751 135 40 115
0 0 0 1 0 0 0 1 0 0 0 0 5 2 15 2 14 2 0 0 0 1 0 1 11 1 0 0 4 0 5 1 2 6 0 0 1 1 0 2 2 1 0 0 0 2 1 0 0 0 0 0 0 0 8 19 41 0 3 4 3 72 5 9 0 2 8 8 1 4 6 5 1 2 0 8 2 8 4 1 8 87 248 30 147 176 196 93 49 420 18 3 18 62 13 40 28 32 5 69 27 226 205 21 44 38 496 22 6 2 1 1 17 430 450 486 138 280 3225 298 9742 9450 23833 1752 13539 7966 28400 2158 13915 397 376 35 48 13 76 303 182 1104 4766 5901 29364 360 154 3 78 4835 2202 10772 1038 1333 204 74 202 54 27 29 232 220 589 190 26 83
1 1 0 0 1 0 1 2 0 0 0 0 5 0 2 0 0 7 0 0 0 0 0 0 1 0 0 1 0 0 3 3 0 5 0 0 0 2 0 3 2 2 1 1 1 2 0 0 1 0 0 2 0 0 1 3 74 1 4 5 2 87 3 5 0 1 12 22 7 19 9 9 1 6 0 4 4 4 1 5 14 86 318 37 60 32 25 16 19 61 10 0 3 42 4 6 16 11 22 7 5 31 31 1 10 4 28 4 5 3 0 4 24 216 136 4847 71 19 201 460 401 1035 302 3903 243 8794 2158 4397 3049 557 683 224 211 67 760 40 19 253 205 325 1146 72 57 0 23 24 96 562 228 398 334 94 70 264 283 70 386 218 580 173 103 90
1 0 0 1 0 0 0 2 0 0 1 0 0 4 9 0 11 4 0 0 0 0 0 0 1 0 0 0 2 2 6 3 0 8 0 0 0 0 0 3 0 1 0 0 3 1 0 2 2 0 0 0 0 1 1 5 48 0 1 3 3 48 0 9 0 1 22 28 10 18 10 15 1 3 0 8 1 8 6 1 22 41 152 11 68 118 112 69 28 510 14 7 37 25 5 28 22 47 5 52 40 214 260 20 53 11 100 7 5 0 1 3 34 195 160 635 51 38 604 71 870 494 2575 1731 8973 3181 13915 3049 23986 14444 24838 225 176 61 1172 206 98 945 632 1881 10684 427 103 3 95 2765 3770 9959 1581 1244 376 93 184 86 76 29 198 132 369 131 40 956
0 1 1 0 0 0 0 1 0 0 0 0 1 0 5 0 0 0 0 0 0 0 0 1 2 0 0 0 0 0 2 10 0 3 0 0 0 0 1 1 0 1 0 1 0 1 0 3 16 0 2 20 9 1 0 0 14 0 1 9 1 23 0 16 0 16 88 92 81 405 84 55 7 17 2 8 3 9 12 4 2508 15 57 9 29 15 10 3 9 62 6 2 12 16 4 15 5 17 5 4 19 10 59 1 8 14 13 3 4 3 0 0 65 57 60 274 30 10 12 54 117 74 154 123 222 144 397 557 14444 17946 13743 1647 5572 845 1810 23 9 594 13 28 870 191 55 1 166 185 5493 7107 4116 10041 7518 541 635 196 243 22 182 49 178 99 19 41045
0 0 0 0 0 0 0 0 0 0 0 0 0 0 0 0 1 0 0 0 0 0 0 0 0 0 0 0 0 0 1 2 0 0 0 0 0 0 0 0 0 1 1 0 0 0 0 1 1 0 0 0 0 0 0 0 13 0 0 1 0 7 0 2 0 1 9 7 1 5 3 7 0 2 0 4 0 3 0 2 19 2 20 2 5 7 5 2 5 55 1 0 6 3 0 1 1 10 0 5 8 10 25 1 7 4 9 0 0 0 0 0 9 28 13 182 4 2 17 6 39 18 130 127 199 101 376 683 24838 13743 5143 273 113 82 1796 10 9 312 14 64 674 88 19 0 49 135 3232 4074 1217 593 155 29 112 66 34 6 39 22 73 27 12 939
0 0 0 0 0 0 0 1 0 0 0 0 1 0 0 0 0 0 0 0 0 0 0 0 0 0 0 0 3 1 2 2 0 2 0 0 0 1 1 0 0 0 0 0 0 1 0 1 1 0 1 1 0 0 1 0 9 0 0 0 0 14 0 3 0 2 20 17 9 9 9 11 0 5 0 1 0 1 2 1 5 0 5 0 1 0 2 0 1 14 0 0 4 8 3 5 0 3 0 0 1 0 5 1 2 2 1 0 12 5 3 7 58 5 6 289 33 0 2 3 5 4 18 34 16 3 35 224 225 1647 273 931 1835 1296 1193 6 1 130 0 7 171 36 35 0 37 4 144 745 274 239 491 146 78 538 906 11 36 7 18 7 3 125
1 0 0 0 0 0 0 1 1 0 0 0 0 1 0 1 1 4 0 0 0 1 0 0 0 0 0 2 2 0 0 9 0 0 1 0 0 0 0 0 0 0 0 0 0 0 0 1 7 1 2 17 2 0 0 0 3 0 0 1 1 10 0 11 1 14 87 113 164 183 86 154 1 15 1 6 2 2 1 2 329 26 54 8 16 15 4 1 8 7 2 2 0 22 7 3 4 2 4 0 1 1 3 0 0 0 1 1 11 6 3 4 86 45 26 253 21 0 4 37 32 34 8 71 15 77 48 211 176 5572 113 1835 5223 738 361 1 0 124 1 7 36 14 60 0 68 13 1803 1397 752 8451 8325 613 440 167 866 27 156 71 145 45 26 2760
0 0 1 0 0 0 0 0 0 0 0 0 7 0 1 0 0 1 0 0 0 0 0 0 0 0 0 9 14 3 2 1 0 0 0 0 0 0 0 0 0 0 0 0 0 0 0 0 0 0 0 0 0 0 0 1 4 0 0 1 0 10 0 1 0 3 10 11 5 12 5 7 0 3 0 1 1 1 1 0 432 11 10 1 3 5 4 2 2 6 3 0 1 49 27 27 12 6 3 0 1 5 7 0 0 10 2 0 75 45 19 34 263 6 10 293 50 1 9 6 5 6 4 15 4 15 13 67 61 845 82 1296 738 378 798 9 6 186 7 12 55 18 145 0 100 5 57 218 181 124 254 298 113 469 772 78 82 18 40 17 2 1879
0 1 2 0 1 0 0 0 0 0 0 0 1 2 2 0 0 23 0 0 0 0 0 0 0 0 0 3 6 3 0 3 0 2 0 3 0 4 0 1 1 1 0 0 0 2 0 2 1 0 0 0 1 0 0 0 21 0 1 5 0 23 0 2 0 5 12 12 12 11 14 10 2 8 1 8 5 4 9 15 94 11 436 118 4 7 6 2 4 15 3 0 2 29 15 15 5 5 103 2 4 11 23 0 3 7 9 0 25 15 7 16 126 154 112 4728 1064 1 8 21 11 10 50 122 34 16 76 760 1172 1810 1796 1193 361 798 2451 14 1 136 10 31 261 32 66 0 59 12 71 408 146 219 253 129 90 4009 1893 2182 503 68 315 165 156 921
0 0 0 0 0 2 0 3 0 0 0 1 9 19 288 3 108 1 0 0 2 14 0 18 221 0 0 3 17 48 22 1 0 15 0 0 1 6 0 1 1 0 0 0 1 0 0 0 0 0 0 0 0 0 74 26 112 7 3 1 2 248 96 1 0 0 0 6 1 2 3 1 2 0 1 32 1 18 6 1 54 83 211 14 246 444 1157 210 70 1099 29 8 100 91 58 295 48 296 9 375 894 4958 15138 4719 19078 3969 6710 752 10 14 22 5 1 1037 1995 60 380 1013 2442 307 1597 123 110 14 28 122 303 40 206 23 10 6 1 9 14 18712 22097 6700 6687 5972 3131 2050 733 251 7 5 6 130 52 25 9 3 8 551 84 51 4119 672 2914 1879 28 764
1 0 1 0 1 0 0 2 0 0 0 0 2 2 25 2 8 0 0 0 2 2 0 1 35 0 0 0 2 5 4 0 0 0 0 0 0 0 1 0 0 0 1 0 0 0 0 0 0 0 0 0 0 0 24 8 39 0 1 0 0 53 10 1 0 0 0 2 0 2 0 0 0 0 0 5 1 5 6 1 6 16 45 1 53 126 351 53 23 180 6 2 36 16 12 62 6 61 1 56 76 504 1315 233 977 698 1397 125 2 3 3 3 1 264 415 16 102 215 961 105 379 34 109 6 23 30 182 19 98 9 9 1 0 6 1 22097 9483 9125 3220 13892 3514 3364 164 8 4 3 1 71 16 7 3 4 1 75 23 7 560 77 425 213 4 92
1 2 2 0 3 7 0 1 1 0 2 3 23 20 251 2 133 13 0 0 4 56 0 44 641 5 2 11 48 91 174 92 10 133 3 2 15 84 9 67 33 15 12 2 25 42 13 21 9 6 2 3 1 0 304 425 2064 64 86 101 34 2909 221 103 3 35 230 320 67 62 124 85 36 22 3 247 19 167 37 3 56 106 231 26 187 193 293 84 64 741 32 10 216 177 176 1792 78 903 17 79 441 499 2161 81 744 4363 585 52 81 186 339 282 402 502 1678 244 205 262 883 238 1878 432 327 100 109 443 1104 253 945 594 312 130 124 186 136 6700 9125 21362 1032 4054 10441 23974 9981 875 4595 93 172 2768 4460 436 133 677 749 580 713 87 4981 468 2033 1252 61 613
0 1 0 1 1 1 0 3 0 1 0 0 2 4 16 2 8 1 0 0 1 3 0 0 24 0 0 1 3 4 3 0 0 4 0 0 0 3 0 1 0 0 0 0 0 1 0 0 0 0 0 0 0 0 9 9 42 0 2 1 1 55 7 1 0 0 1 0 1 3 0 2 1 1 0 6 0 7 1 0 6 29 122 8 174 230 630 60 31 147 13 1 18 28 11 46 10 35 2 63 14 917 407 902 371 107 6572 1475 4 2 4 1 5 687 1301 87 267 1876 20639 301 8689 1572 2433 105 230 704 4766 205 632 13 14 0 1 7 10 6687 3220 1032 9989 12813 5122 247 131 5 28 30 32 159 104 61 12 6 27 77 2 13 290 89 834 262 8 56
0 0 1 1 1 0 1 4 0 0 0 0 6 8 28 2 14 2 0 0 0 2 0 2 15 0 0 2 3 1 2 0 0 3 0 0 0 3 0 5 1 0 0 0 0 2 1 0 0 0 0 0 0 0 7 8 18 0 4 1 0 49 3 1 0 0 2 2 0 1 2 2 0 0 0 6 1 6 0 1 4 35 145 11 248 459 782 202 70 696 10 0 44 40 30 107 19 110 4 163 70 745 711 229 366 97 1777 197 1 2 1 2 16 804 800 118 198 356 12081 188 2349 617 4468 142 476 487 5901 325 1881 28 64 7 7 12 31 5972 13892 4054 12813 23800 29177 4050 162 7 29 63 72 463 114 37 6 5 16 70 19 14 355 138 716 261 13 52
0 0 1 0 0 0 1 0 0 0 1 1 6 9 60 1 39 3 0 0 0 0 0 0 11 0 0 1 7 6 7 8 2 11 0 0 1 5 2 13 5 7 3 0 8 11 2 8 2 1 0 0 0 2 7 11 221 0 7 25 3 217 6 26 0 4 64 57 18 15 40 6 7 6 1 42 1 27 6 1 12 105 268 20 224 441 508 345 179 3131 55 16 326 76 32 219 63 348 15 327 490 1201 2526 119 514 118 639 44 4 4 7 14 89 488 728 466 191 157 4070 306 4535 3601 35799 430 2764 1731 29364 1146 10684 870 674 171 36 55 261 3131 3514 10441 5122 29177 64948 25156 529 10 160 1196 699 18512 4723 429 33 69 115 193 118 56 1042 370 1087 544 65 128
0 1 3 0 0 0 0 0 0 0 1 0 0 2 27 0 15 1 0 0 1 4 0 1 27 1 0 1 12 10 6 2 5 16 0 0 2 28 2 21 7 4 1 0 5 13 4 6 2 0 0 1 0 0 11 47 416 2 16 25 6 527 5 8 0 6 28 23 7 8 23 8 9 2 0 52 6 29 4 1 12 36 64 8 38 78 119 52 27 434 13 2 56 27 11 153 12 136 4 29 138 252 603 25 132 403 188 11 4 5 17 17 26 116 334 86 58 63 171 48 411 101 261 28 58 123 360 72 427 191 88 36 14 18 32 2050 3364 23974 247 4050 25156 17095 1218 79 124 51 51 3214 4498 48 7 12 50 103 130 28 817 101 389 201 23 110
11 14 7 2 6 9 2 18 1 1 2 2 137 60 328 11 126 3 0 2 4 52 0 48 661 2 2 183 347 362 796 93 15 108 4 2 17 131 8 91 46 29 11 1 23 51 10 26 7 4 0 0 1 1 306 361 1779 41 92 102 25 4915 341 107 0 15 102 220 39 28 93 222 41 16 6 249 25 164 37 4 27 143 56 7 36 103 77 30 86 108 45 12 54 1105 994 2316 187 310 4 8 40 44 191 6 279 3819 64 9 1475 1800 2104 4320 700 83 225 65 38 42 122 40 301 78 59 17 15 93 154 57 103 55 19 35 60 145 66 733 164 9981 131 162 529 1218 22288 4777 2525 3 17 134 329 180 426 1279 2525 124 244 18 1066 204 415 211 19 82
3 1 2 1 8 3 0 5 1 1 1 1 38 38 165 5 63 0 0 0 1 21 0 11 124 1 0 21 111 133 94 1 4 3 0 0 0 1 0 0 1 0 0 0 0 0 0 0 0 0 0 0 1 0 33 14 62 1 3 0 0 217 79 2 0 0 1 1 0 0 0 1 1 0 0 10 2 11 4 0 1 45 7 0 9 26 9 5 14 14 7 0 10 259 346 1491 47 88 0 2 5 11 119 0 56 3352 3 1 210 583 1840 747 6 13 16 2 3 0 9 1 9 0 1 1 0 3 3 0 3 1 0 0 0 0 0 251 8 875 5 7 10 79 4777 2583 9 0 0 5 15 0 1 4 13 5 5 1 154 38 42 26 0 14
0 1 1 0 0 0 1 0 0 0 0 0 4 0 1 1 1 0 0 0 0 1 0 0 8 1 0 12 14 9 20 120 0 9 1 1 1 2 0 7 7 3 0 0 4 5 1 8 3 3 6 11 1 0 2 2 110 2 0 23 7 178 1 90 2 37 301 405 92 94 188 165 6 39 0 19 3 12 3 0 12 18 20 2 14 9 11 1 7 4 6 2 3 72 47 44 18 19 4 1 2 1 7 1 0 18 28 4 78 71 53 83 608 33 83 51 17 9 27 29 173 62 28 14 8 64 78 23 95 166 49 37 68 100 59 7 4 4595 28 29 160 124 2525 9 5847 8 41 310 4146 671 379 3308 5444 55 183 12 274 28 164 89 12 63
0 0 0 0 0 0 0 0 0 0 0 0 0 1 1 0 1 0 0 0 0 0 0 0 0 0 0 0 0 0 0 0 0 0 0 0 0 0 0 0 0 0 0 0 0 0 0 0 0 0 0 0 0 0 0 0 1 0 0 0 0 0 0 1 0 0 0 1 1 1 1 0 0 1 0 0 0 0 1 0 1 0 5 3 2 2 3 2 1 13 0 0 2 2 1 3 1 4 0 2 1 7 5 0 2 0 8 0 0 0 0 0 3 6 3 13 2 2 15 6 47 35 1179 8 1502 46 4835 24 2765 185 135 4 13 5 12 5 3 93 30 63 1196 51 3 0 8 847 1000 9434 376 613 7 8 25 1 0 2 13 8 23 6 1 16
0 0 0 0 0 0 0 0 0 0 0 0 0 1 3 0 0 0 0 0 0 0 0 1 0 0 0 1 0 1 2 8 0 1 0 0 0 0 0 0 0 0 0 0 0 1 0 0 4 1 0 4 0 1 0 0 15 0 0 0 0 7 0 16 1 16 69 58 39 89 51 29 0 8 1 2 1 2 2 2 364 20 63 14 26 12 16 3 7 30 5 3 5 8 2 7 7 11 1 0 4 7 19 0 1 6 20 0 1 1 0 0 31 66 74 114 21 8 25 72 126 121 340 29 1267 176 2202 96 3770 5493 3232 144 1803 57 71 6 1 172 32 72 699 51 17 0 41 1000 4572 14953 2447 16463 1626 318 425 32 60 16 126 42 180 81 20 5458
1 0 4 0 0 0 0 0 0 0 0 0 0 1 12 0 2 8 0 0 0 0 0 0 1 0 0 2 4 2 3 56 1 7 3 0 0 2 0 3 6 2 1 3 2 4 1 6 7 4 2 6 0 1 1 0 67 0 0 15 8 68 1 62 2 28 219 281 74 70 158 87 7 39 2 17 3 13 1 1 67 110 243 41 114 91 102 30 42 375 28 9 92 59 13 73 46 91 20 31 98 93 266 3 39 32 100 10 1 2 2 5 101 279 472 427 151 84 149 348 990 723 10206 171 2999 894 10772 562 9959 7107 4074 745 1397 218 408 130 71 2768 159 463 18512 3214 134 5 310 9434 14953 59488 23881 31756 866 608 1949 194 203 84 816 311 882 497 66 1125
0 0 1 0 0 0 0 0 0 0 0 0 0 0 5 1 3 3 0 1 0 0 0 1 4 2 0 5 4 4 17 224 3 19 3 0 2 3 5 7 9 13 0 3 7 14 1 24 23 9 13 25 1 4 1 5 203 0 0 42 16 191 1 177 3 108 754 914 274 258 454 402 9 83 1 37 3 23 5 1 92 84 187 21 107 74 79 9 19 113 18 4 26 46 27 89 38 71 16 7 41 31 94 2 9 43 160 11 7 13 11 6 438 241 606 244 148 116 157 264 1220 597 321 60 183 671 1038 228 1581 4116 1217 274 752 181 146 52 16 4460 104 114 4723 4498 329 15 4146 376 2447 23881 21414 17482 1729 1438 9482 194 304 85 1270 181 887 544 41 1063
0 0 3 0 0 1 0 0 0 0 0 0 2 1 0 0 2 7 0 0 0 2 0 1 3 0 1 2 5 2 19 324 1 29 2 0 1 2 1 7 8 8 4 1 4 17 6 18 59 13 25 48 2 0 2 0 184 0 0 26 16 155 1 273 1 171 1342 1821 652 1368 890 1408 24 180 9 35 8 22 19 1 1064 151 371 46 211 116 116 0 33 36 48 4 7 86 20 21 58 36 31 4 9 19 29 3 5 11 109 9 10 5 2 2 532 415 665 528 257 78 100 576 1115 997 194 141 292 1339 1333 398 1244 10041 593 239 8451 124 219 25 7 436 61 37 429 48 180 0 671 613 16463 31756 17482 35719 24908 8412 13305 323 648 134 1276 407 1281 752 124 14257
3 8 8 6 1 0 0 0 1 0 2 0 3 0 1 1 2 3 0 0 1 2 0 3 2 0 0 5 7 1 16 73 6 26 4 1 0 0 3 4 13 4 4 1 4 7 2 11 98 17 25 199 34 12 2 1 29 1 0 2 5 75 0 92 1 295 1690 1667 4508 3957 2192 2346 13 81 2 39 11 29 18 2 2958 94 213 16 91 53 27 5 12 9 23 3 7 69 18 15 26 10 13 0 3 9 24 3 3 11 13 1 21 15 6 43 870 166 148 378 64 10 16 186 156 199 8 97 15 361 204 334 376 7518 155 491 8325 254 253 9 3 133 12 6 33 7 426 1 379 7 1626 866 1729 24908 14512 8852 9893 170 609 58 472 218 462 210 70 12450
0 3 1 0 0 0 0 0 0 0 0 0 3 4 1 1 1 2 0 0 0 1 0 0 0 0 0 11 13 9 14 97 1 4 1 0 0 1 0 2 5 2 0 1 1 3 0 4 19 2 14 20 1 1 0 3 49 0 0 3 4 90 2 95 2 86 1040 1416 769 722 631 1282 7 57 0 14 3 4 0 2 222 32 60 8 22 16 10 1 10 10 6 1 3 82 26 10 19 10 4 0 0 2 0 0 1 3 9 0 92 58 28 112 1280 43 63 111 27 6 9 44 66 63 3 38 5 115 74 94 93 541 29 146 613 298 129 3 4 677 6 5 69 12 1279 4 3308 8 318 608 1438 8412 8852 4515 14150 110 473 11 234 60 150 73 20 739
1 2 1 1 1 0 0 1 0 0 0 0 14 3 3 1 1 6 0 0 1 1 0 0 1 0 0 14 17 10 49 415 2 17 1 1 0 0 5 8 11 3 0 1 5 17 4 17 36 10 25 97 6 3 2 1 183 0 3 23 13 284 1 399 5 648 3046 4591 2073 2059 3014 4102 28 173 3 40 3 14 4 2 218 30 69 12 41 40 37 2 9 17 12 3 1 66 38 29 27 11 6 0 1 10 4 0 0 8 46 7 89 83 46 246 890 106 235 111 74 39 52 120 455 289 28 19 13 267 202 70 184 635 112 78 440 113 90 8 1 749 27 16 115 50 2525 13 5444 25 425 1949 9482 13305 9893 14150 11002 111 447 49 580 89 338 262 27 1137
3 2 3 0 1 0 0 1 0 1 0 0 3 3 19 0 10 33 0 0 2 1 1 0 7 1 0 8 7 10 1 1 1 4 0 0 0 2 0 9 2 0 0 0 3 2 0 3 2 2 1 1 0 0 3 6 62 1 1 8 4 89 1 8 0 13 56 44 30 24 26 23 4 29 5 25 8 5 6 14 45 31 696 228 27 42 65 18 45 135 11 4 40 29 33 357 25 212 94 8 70 219 956 19 142 391 192 6 16 8 12 4 63 140 75 2068 584 15 68 33 58 7 14 41 7 19 54 264 86 196 66 538 167 469 4009 551 75 580 77 70 193 103 124 5 55 1 32 194 194 323 170 110 111 4571 3617 6230 2396 320 219 345 123 69
2 4 5 0 2 0 1 5 0 0 2 0 4 0 4 3 3 38 0 0 0 4 0 0 18 0 0 6 7 3 5 31 1 16 7 1 1 5 0 4 0 2 0 0 3 12 1 7 19 0 8 22 2 4 9 25 201 3 10 20 6 261 6 74 3 105 548 528 169 235 289 232 32 132 10 47 10 28 14 15 29 39 138 13 29 28 10 6 32 57 17 4 8 71 41 48 20 25 71 2 7 8 33 0 10 58 7 1 32 30 2 8 173 29 10 1090 139 1 6 16 13 13 10 63 3 45 27 283 76 243 34 906 866 772 1893 84 23 713 2 19 118 130 244 5 183 0 60 203 304 648 609 473 447 3617 3812 754 2110 223 117 81 94 118
4 1 28 1 2 1 0 1 1 0 1 0 5 2 5 2 6 168 0 0 0 0 0 0 2 0 0 12 1 1 1 0 2 7 2 0 0 0 0 1 0 0 0 0 0 1 0 0 1 0 0 0 0 2 0 1 13 0 1 4 0 20 1 3 0 2 15 11 4 7 5 5 5 7 14 55 28 20 22 111 39 34 2379 705 12 13 14 3 10 34 4 3 7 25 10 43 10 51 554 4 7 25 106 3 9 27 25 1 7 4 3 1 22 458 154 3156 582 2 11 18 13 5 8 12 3 27 29 70 29 22 6 11 27 78 2182 51 7 87 13 14 56 28 18 1 12 2 16 84 85 134 58 11 49 6230 754 5240 1517 263 734 572 790 87
138 64 11 52 117 23 21 296 23 34 23 0 450 162 411 206 243 41 0 3 3 12 0 7 52 1 0 121 134 88 10 8 19 42 6 1 1 17 0 11 9 4 2 0 4 3 4 6 12 2 5 22 0 4 34 30 214 5 10 18 10 344 20 36 2 65 326 288 98 179 198 115 34 106 3 263 85 109 43 16 229 2963 2480 294 1430 2039 952 743 2266 4585 984 298 978 3226 1987 5412 2049 3959 312 220 827 1599 7718 90 1053 4568 833 17 372 197 144 48 167 618 205 1681 379 125 214 357 223 126 75 126 28 298 232 386 198 182 39 36 156 82 503 4119 560 4981 290 355 1042 817 1066 154 274 13 126 816 1270 1276 472 234 580 2396 2110 1517 10068 10008 2213 1113 547 1307
1231 613 616 233 242 25 30 703 13 66 40 3 1533 259 172 504 176 52 0 0 3 10 0 1 4 3 0 518 164 36 8 2 38 33 6 3 0 8 1 3 1 0 0 0 1 2 1 0 2 0 0 0 1 1 6 3 33 0 0 3 3 38 3 3 0 3 12 11 7 14 11 7 3 6 12 248 568 218 72 128 85 5621 5188 816 2257 3701 1196 1608 5068 6979 2069 285 573 6090 1668 2360 2563 1516 144 438 569 1614 3994 18 263 691 291 11 1182 333 115 26 33 826 385 1096 380 56 142 319 133 146 66 79 16 371 220 218 132 49 22 7 71 18 68 672 77 468 89 138 370 101 204 38 28 8 42 311 181 407 218 60 89 320 223 263 10008 8378 4225 1604 561 488
72 48 146 33 59 13 9 126 3 7 9 0 250 64 122 86 92 183 0 0 1 2 0 1 13 0 0 66 58 28 8 6 13 18 3 0 0 7 1 3 7 3 0 0 2 8 2 4 3 1 0 3 0 0 5 10 116 4 5 15 3 162 12 8 1 3 49 49 22 25 20 22 10 5 6 163 192 89 60 156 62 2522 3522 404 1543 1346 2395 159 758 2064 597 175 559 1965 1132 2040 1290 1896 527 141 336 1071 2927 122 520 1188 1725 231 210 108 57 29 68 3785 3075 4313 1278 542 1210 795 813 305 155 132 49 751 589 580 369 178 73 18 145 40 315 2914 425 2033 834 716 1087 389 415 42 164 23 180 882 887 1281 462 150 338 219 117 734 2213 4225 6499 3845 1800 399
30 11 24 20 25 4 6 54 3 8 6 1 105 20 67 37 30 62 0 1 2 1 0 1 7 0 0 20 18 10 1 2 2 11 0 4 0 1 1 3 2 2 0 0 2 3 0 1 1 0 0 1 0 0 4 6 69 0 0 2 1 98 3 3 1 1 17 12 7 15 10 6 5 3 10 78 43 47 34 47 213 1201 1013 154 383 370 350 60 291 551 210 49 131 809 275 858 480 652 116 48 168 612 2461 73 369 1160 744 35 114 48 26 7 31 312 173 1129 190 141 275 140 267 69 62 44 22 135 190 173 131 99 27 7 45 17 165 1879 213 1252 262 261 544 201 211 26 89 6 81 497 544 752 210 73 262 345 81 572 1113 1604 3845 254 588 821
53 39 575 3 0 0 0 2 1 0 0 0 106 0 1 17 6 326 0 1 0 2 0 0 1 0 0 89 5 2 3 0 7 12 15 4 0 2 0 0 1 0 0 0 0 0 0 0 1 0 0 0 0 5 1 0 7 0 0 2 0 13 1 0 2 1 9 2 2 5 3 2 14 5 41 70 424 101 58 441 17 37 534 135 12 15 5 5 7 17 3 0 0 23 3 4 9 2 321 0 0 1 12 1 10 9 7 0 39 37 13 3 7 62 32 1132 143 0 6 11 12 7 15 21 4 40 26 103 40 19 12 3 26 2 156 28 4 61 8 13 65 23 19 0 12 1 20 66 41 124 70 20 27 123 94 790 547 561 1800 588 137 29
22 12 6 9 24 24 2 26 34 1 4 5 21 20 68 20 112 8 2 9 9 61 0 12 37 16 10 4 8 10 3 19 0 9 1 0 0 5 2 2 2 2 0 0 1 5 10 35 374 12 15 354 385 24 43 14 27 3 1 6 1 30 5 20 2 291 194 251 276 4252 325 194 71 28 59 157 86 75 566 5 80654 97 109 19 53 78 67 20 56 174 35 9 48 64 82 431 61 290 46 14 73 170 1284 21 191 700 153 3 5 9 9 1 48 72 62 121 39 18 34 72 98 83 23 24 26 115 83 90 956 41045 939 125 2760 1879 921 764 92 613 56 52 128 110 82 14 63 16 5458 1125 1063 14257 12450 739 1137 69 118 87 1307 488 399 821 29 374032
