949.36
814.26
2214.68
1376.37
991.89
2630.40
5046.34
3826.57
1111.32
5574.60
2966.69
2890.21
2130.72
4175.52
798.19
1376.26
1928.26
986.18
1672.95
913.89
4161.08
1053.25
5016.50
3401.33
916.25
5825.85
7073.52
5179.60
4662.31
4559.98
414.15
783.08
618.88
2039.69
12099.73
1942.33
1345.35
1566.13
702.43
1902.05
729.68
179.01
1926.68
1336.01
1577.29
759.36
1876.08
730.91
265.19
886.88
679.33
2560.71
1584.23
792.75
2973.57
6245.43
4162.05
1176.89
5388.42
2949.76
3047.33
2156.76
4258.79
773.11
1500.98
1667.39
1096.18
1606.66
1058.26
3992.55
1290.05
4810.33
3655.92
869.86
5872.60
6676.06
4862.62
4202.79
3873.78
505.74
731.07
476.07
2136.30
11859.96
