-0.93 0.34 -0.14
0.77 0.30 0.57
-0.54 -0.22 0.81
0.79 0.34 0.52
0.41 -0.19 -0.89
0.55 -0.04 -0.84
-0.77 -0.55 0.33
-0.19 -0.20 -0.96
0.86 -0.39 -0.33
-0.65 -0.63 -0.41
-0.33 0.18 -0.93
0.66 0.20 -0.72
0.91 -0.32 -0.28
-0.98 0.14 0.10
-0.03 -0.46 -0.89
0.92 -0.27 -0.29
-0.87 0.01 -0.50
-0.39 0.34 -0.86
-0.92 -0.19 -0.33
0.60 0.36 -0.71
-0.51 0.59 0.62
0.82 -0.07 0.57
-0.87 -0.06 0.50
0.85 -0.48 -0.21
0.98 0.20 -0.06
-0.52 0.74 0.42
0.70 0.24 0.67
-0.69 -0.56 0.47
-0.31 0.52 0.80
-0.73 -0.31 0.61
0.16 0.98 -0.08
0.40 0.85 -0.34
0.08 0.32 0.94
-0.94 0.34 0.09
0.29 0.91 0.29
-0.37 0.92 0.15
0.47 -0.39 -0.79
0.25 0.81 -0.53
0.05 -0.09 0.99
0.63 -0.27 -0.73
-0.00 -0.90 -0.43
-0.82 -0.50 -0.28
0.71 0.56 -0.43
0.61 -0.26 -0.75
-0.70 -0.26 -0.66
0.42 0.06 0.90
-0.92 -0.24 -0.31
-0.17 -0.42 -0.89
-0.10 0.65 0.76
0.74 0.20 -0.65
-0.76 0.43 0.48
0.82 0.37 0.43
-0.63 0.57 0.54
-0.36 -0.06 -0.93
-0.35 0.12 -0.93
0.52 -0.68 0.52
0.36 -0.24 -0.90
-0.84 -0.20 -0.51
0.41 -0.91 0.02
0.16 0.00 -0.99
-0.62 0.03 -0.78
-0.96 0.10 -0.28
0.99 -0.06 0.11
0.02 -0.52 -0.85
-0.93 -0.13 -0.34
0.90 -0.44 -0.06
0.51 -0.01 -0.86
0.99 -0.13 -0.08
-0.60 0.58 -0.55
0.45 0.64 0.62
-0.71 0.13 0.69
0.67 -0.28 0.69
-0.97 -0.11 -0.23
-0.77 0.64 -0.05
0.65 0.43 0.63
-0.65 0.35 0.68
0.49 -0.71 0.51
0.62 0.30 0.72
0.96 -0.04 0.29
0.05 0.98 -0.19
-0.60 0.74 0.30
-0.23 0.65 0.73
0.97 0.10 0.21
0.10 0.76 -0.64
