1088.94
756.31
2360.19
1411.46
609.79
4470.00
5887.49
4266.49
1288.45
6144.34
3141.74
3729.84
2414.59
4770.02
1090.56
1630.15
2086.14
1168.00
1461.67
934.74
4662.97
1409.49
5312.49
4293.09
1319.57
5963.12
8280.18
6117.12
5516.58
4907.07
471.41
942.05
523.43
2728.53
14915.25
2228.26
1585.00
1838.68
847.93
2087.57
1016.67
247.17
2029.91
1518.11
1590.80
858.02
2266.21
917.53
295.57
887.81
933.68
2011.92
1770.52
639.35
4079.74
6009.53
4316.36
1124.19
5732.89
3136.99
4190.68
2432.24
5449.45
885.90
1446.03
1808.50
1072.64
1795.06
1062.74
4996.30
1454.75
4844.25
4545.46
892.81
6628.37
7356.12
6576.14
4712.24
4770.35
440.55
954.20
376.77
2837.60
14123.19
