6036 0 237 19 0 34 5824 201 26 232 13 17 1 9889 7 4 162 5 23 9 677 5 2023 119 0 28 19 214 7572 2510 1 0 40 60 11 25 12 34 14 7 2 0 14 1 12 2 3 0 1 2 1 3 17 0 1 2 5 3 3 0 1 0 9 0 2 0 0 0 0 0 4 6 32 0 0 12 21 23 2 0 0 0 14 2
0 2391 96 17 5 20 35 7 581 7 31 26 107 6 38 943 60 10 58 10 42 2604 132 1038 2691 303 15316 175 15 26 9 2 5 49 23 154 170 130 52 80 40 30 189 76 159 44 55 9 18 1 4062 89 87 6 10 10 4 168 5 63 11 204 3 19 298 90 45 356 5 15 1487 90 778 1517 345 6835 59 18 8 8 6 0 91 8
237 96 13228 28 4 248 1435 770 88 664 63 33 26 1986 26 133 11300 65 741 14 702 35 18754 272 33 5378 11594 571 500 334 4 5 51 812 254 2048 773 2142 601 162 24 3 251 118 197 38 7 3 1 3 285 408 5 1 3 7 3 3 3 31 0 12 15 0 84 250 22 246 0 35 111 192 59 34 366 2642 21 19 8 1 2 0 87 61
19 17 28 2672 9 215 76 107 933 1428 24 3391 11 163 170 30 12 18 13 2796 25 105 47 7007 12 16 119 1909 249 32 4 7 18 118 147 231 15 122 61 116 13 3 94 2 47 41 348 35 0 5 16 1 1134 13 86 59 76 84 318 16 907 6 116 104 20 1 0 1 305 4 45 12 680 7 0 42 620 79 8 1 9 4 43 15
0 5 4 9 2770 4535 22 447 263 85 1665 98 257 37 1343 12 5 35 6 10 7 18 39 47 33 19 78 29 221 5 8 2345 4 1134 1922 282 96 181 221 4513 2387 15 7 4 2 5 12 5 5 1 2 2 6 1 3 0 0 1 8 4 7 26 3 1 5 0 1 1 2 2 4 5 14 5 1 9 8 5 3 1 0 1 3 150
34 20 248 215 4535 27930 1778 29262 625 12520 344 22437 158 1266 12024 39 37 67 51 701 196 40 520 609 32 103 280 512 573 110 6 1056 15 430 56891 1620 250 358 313 8057 867 18 87 7 33 33 134 16 6 6 5 6 92 9 151 16 32 6 197 7 738 24 46 26 12 1 1 4 35 10 12 17 151 8 0 37 147 75 9 0 7 5 26 4139
5824 35 1435 76 22 1778 37420 3359 131 15413 183 155 68 14111 179 251 132 85 94 43 1331 98 2849 2170 22 210 986 27840 4554 7333 5 14 119 771 870 1131 240 766 419 196 59 10 122 25 48 23 20 7 2 2 14 31 73 5 12 12 19 18 35 8 22 8 32 8 78 16 1 13 19 30 29 118 259 4 12 221 141 41 16 1 3 2 46 34
201 7 770 107 447 29262 3359 25056 187 11932 396 2187 169 23601 778 22 174 96 69 319 903 10 2247 424 28 141 283 920 2030 771 13 1945 38 374 22752 1095 236 348 234 1073 268 9 165 16 79 67 78 26 1 20 3 10 88 4 22 29 40 15 56 9 115 22 94 15 29 2 0 5 31 14 7 27 253 6 4 56 217 139 16 0 2 9 60 356
26 581 88 933 263 625 131 187 3638 731 104 3642 77 220 1322 727 33 59 61 981 58 2306 214 13702 298 212 1931 833 483 88 8 93 57 261 531 1200 239 341 179 1071 220 12 140 17 70 51 183 24 3 10 248 22 495 12 35 25 40 317 83 15 135 33 105 39 219 7 4 22 67 73 1119 95 1617 61 20 451 287 148 33 2 9 15 66 105
232 7 664 1428 85 12520 15413 11932 731 35106 811 10614 335 6780 782 76 239 399 318 2869 503 21 1138 1192 65 446 1129 3299 3596 245 23 91 122 2056 15094 2928 291 1971 1513 799 254 22 349 22 141 142 918 127 8 20 9 15 919 22 209 266 236 163 1003 19 897 30 390 200 23 5 1 5 495 12 8 39 1105 10 2 71 1849 227 8 0 33 9 77 384
13 31 63 24 1665 344 183 396 104 811 32467 351 12307 946 86 54 1065 8055 1827 100 156 22 332 189 1056 1764 2242 252 8586 54 512 5272 55 16897 100 1867 2758 5105 1109 2140 4812 377 163 236 100 47 43 62 78 0 24 1 18 6 5 7 4 4 7 433 20 1416 9 2 17 1 132 80 4 9 3 24 63 267 194 342 28 14 4 189 21 2 65 22
17 26 33 3391 98 22437 155 2187 3642 10614 351 23844 158 474 3752 19 58 132 114 7091 29 87 69 5500 40 131 319 727 787 14 9 55 12 586 51237 946 111 525 413 1343 161 16 104 10 27 44 463 62 3 5 15 3 643 13 451 38 78 66 556 8 3520 23 55 116 14 0 2 5 301 8 41 3 286 5 3 15 479 48 3 0 16 0 30 7880
1 107 26 11 257 158 68 169 77 335 12307 158 12466 172 53 43 12 179 29 39 43 76 101 111 8971 2792 9584 98 533 18 1396 484 6 2012 116 1936 3615 4822 1353 1430 2835 1262 634 641 366 279 173 438 914 0 116 4 17 18 27 2 34 10 28 1749 19 7970 12 4 12 4 283 142 6 2 27 14 57 2170 459 1084 42 23 8 664 113 1 238 42
9889 6 1986 163 37 1266 14111 23601 220 6780 946 474 172 26943 117 25 720 378 166 181 2821 13 8399 815 28 245 348 1811 29498 5686 19 1791 105 893 445 525 174 468 177 213 143 14 132 13 84 63 35 12 2 13 5 22 113 1 6 39 35 20 32 7 49 14 92 6 25 10 0 2 13 23 9 31 298 4 4 119 200 160 16 0 0 10 63 12
7 38 26 170 1343 12024 179 778 1322 782 86 3752 53 117 3283 16 6 17 8 227 16 141 64 810 47 31 177 250 127 16 3 286 14 120 8392 361 61 96 74 4399 668 3 40 3 7 9 97 13 4 0 19 4 58 4 27 5 8 4 41 3 118 12 13 23 7 0 0 1 30 8 41 7 64 5 2 27 55 19 2 0 5 2 8 998
4 943 133 30 12 39 251 22 727 76 54 19 43 25 16 9003 188 30 76 15 925 14268 2365 10776 229 149 10785 1391 122 138 6 7 32 751 553 2696 2020 1376 721 365 44 11 1080 386 578 229 81 21 8 8 441 277 126 3 11 41 22 145 3 27 9 22 46 8 3318 108 7 57 2 646 2501 3932 1776 61 52 3796 250 115 87 3 13 16 347 178
162 60 11300 12 5 37 132 174 33 239 1065 58 12 720 6 188 10388 416 9409 25 1176 39 10429 160 20 6740 5341 244 2158 664 2 16 448 11794 26 328 126 1177 128 38 10 1 82 28 43 26 2 1 3 2 47 62 7 0 2 4 1 1 0 14 0 5 3 0 29 54 8 108 4 21 15 44 39 11 148 636 17 7 5 1 0 2 26 3
5 10 65 18 35 67 85 96 59 399 8055 132 179 378 17 30 416 2820 2388 40 88 3 215 85 160 2494 2568 133 7420 31 45 164 43 4004 28 912 495 1528 301 187 251 16 56 59 35 13 9 3 4 1 9 7 6 1 2 2 0 0 1 94 8 102 3 0 4 1 97 116 2 4 2 5 22 54 137 218 10 4 1 21 3 0 23 3
23 58 741 13 6 51 94 69 61 318 1827 114 29 166 8 76 9409 2388 6262 35 264 28 1341 125 117 6067 4049 170 956 124 25 17 94 9821 36 1183 429 1714 240 115 34 1 124 87 112 30 5 1 2 0 33 8 9 0 1 1 2 2 1 82 6 19 1 0 17 16 89 466 0 6 9 16 38 49 328 686 12 9 2 1 4 0 87 14
9 10 14 2796 10 701 43 319 981 2869 100 7091 39 181 227 15 25 40 35 2049 15 43 18 3201 10 41 122 225 285 6 9 12 5 162 386 279 28 185 120 199 38 5 56 4 25 18 283 35 3 2 6 2 536 11 78 40 44 31 211 7 656 7 61 67 4 0 1 0 173 0 15 6 177 4 2 13 410 43 0 0 9 2 22 14
677 42 702 25 7 196 1331 903 58 503 156 29 43 2821 16 925 1176 88 264 15 24695 88 16484 634 33 220 715 5603 5602 12873 6 12 3287 9496 811 2126 433 2932 1726 450 38 2 491 94 164 121 35 8 6 4 16 59 22 1 1 11 12 17 3 12 0 11 35 3 644 26 2 17 1 377 59 757 282 2 12 220 174 96 61 0 5 15 169 228
5 2604 35 105 18 40 98 10 2306 21 22 87 76 13 141 14268 39 3 28 43 88 5532 367 7222 826 70 11001 551 50 61 11 5 9 61 50 244 239 122 59 124 28 13 343 138 181 78 85 12 12 6 1527 127 347 5 17 21 13 476 5 16 21 63 27 27 1620 89 3 59 8 183 5221 1091 3095 203 58 3926 179 57 43 2 8 6 149 38
2023 132 18754 47 39 520 2849 2247 214 1138 332 69 101 8399 64 2365 10429 215 1341 18 16484 367 34429 817 105 2089 11200 1684 7456 4126 22 32 1505 12255 2028 8866 5976 6725 2769 1190 143 20 1442 951 1239 296 139 46 8 13 129 1193 36 10 22 117 53 66 18 64 3 40 78 16 4047 502 26 142 0 601 617 7578 487 31 195 6583 215 122 57 10 27 9 662 534
119 1038 272 7007 47 609 2170 424 13702 1192 189 5500 111 815 810 10776 160 85 125 3201 634 7222 817 36326 369 220 5324 9331 2420 1888 15 43 441 1413 707 3080 591 1620 957 690 155 13 1208 131 435 378 410 75 9 78 500 115 4102 21 129 135 169 905 275 54 571 52 532 114 2304 58 17 53 369 561 2281 822 17108 80 45 1517 1097 869 245 3 43 63 465 159
0 2691 33 12 33 32 22 28 298 65 1056 40 8971 28 47 229 20 160 117 10 33 826 105 369 6635 1067 15726 78 79 23 368 37 4 238 35 1111 2226 924 608 460 670 973 928 440 449 362 201 412 1128 1 1747 8 51 15 37 8 32 70 31 889 21 8709 20 16 54 19 384 345 10 13 288 33 209 7463 633 4401 44 28 5 731 97 1 289 16
28 303 5378 16 19 103 210 141 212 446 1764 131 2792 245 31 149 6740 2494 6067 41 220 70 2089 220 1067 55210 20681 284 688 103 1861 37 80 1838 97 3346 1767 4408 737 329 105 33 252 231 217 69 12 17 11 1 209 46 11 1 1 2 7 7 4 271 5 276 5 1 26 66 211 812 1 14 29 40 45 248 897 2211 14 6 6 66 7 3 123 33
19 15316 11594 119 78 280 986 283 1931 1129 2242 319 9584 348 177 10785 5341 2568 4049 122 715 11001 11200 5324 15726 20681 80060 2031 1493 239 1115 102 179 4324 546 12330 9248 13628 2665 1182 475 207 1608 1354 1362 382 143 77 108 10 4962 1335 259 10 28 60 46 221 9 972 40 3654 76 20 1941 735 905 2600 6 200 4364 1694 1718 4313 2863 25336 226 95 43 775 34 10 740 209
214 175 571 1909 29 512 27840 920 833 3299 252 727 98 1811 250 1391 244 133 170 225 5603 551 1684 9331 78 284 2031 23980 3256 10334 9 55 535 2041 856 3486 539 2214 1239 431 121 19 844 91 254 253 432 67 6 41 66 57 601 18 82 148 163 134 439 33 212 30 350 100 428 37 1 15 193 330 147 338 1848 10 13 337 1204 461 154 1 35 44 234 115
7572 15 500 249 221 573 4554 2030 483 3596 8586 787 533 29498 127 122 2158 7420 956 285 5602 50 7456 2420 79 688 1493 3256 48725 20467 64 2910 3963 18285 231 996 345 2141 659 883 1499 27 442 25 155 195 57 43 6 39 13 17 221 3 11 68 51 31 61 18 64 37 273 15 92 3 11 14 25 115 20 72 739 12 8 63 394 410 78 1 8 38 155 18
2510 26 334 32 5 110 7333 771 88 245 54 14 18 5686 16 138 664 31 124 6 12873 61 4126 1888 23 103 239 10334 20467 37501 1 7 2329 3669 225 417 44 1042 454 82 21 0 372 30 109 138 37 16 1 17 13 15 51 0 4 12 20 11 7 17 3 3 112 1 147 6 2 6 0 200 31 115 361 3 4 59 202 238 76 0 7 28 141 35
1 9 4 4 8 6 5 13 8 23 512 9 1396 19 3 6 2 45 25 9 6 11 22 15 368 1861 1115 9 64 1 26 17 0 135 2 175 287 442 102 37 47 16 19 48 21 8 2 1 9 0 5 0 1 0 1 0 1 0 2 105 1 180 0 0 0 0 62 42 2 0 1 0 0 67 81 117 1 0 0 51 1 0 7 1
0 2 5 7 2345 1056 14 1945 93 91 5272 55 484 1791 286 7 16 164 17 12 12 5 32 43 37 37 102 55 2910 7 17 2886 7 2047 54 433 172 270 272 2263 1989 26 25 2 7 9 7 3 4 0 2 0 9 0 0 2 0 0 2 9 3 32 1 0 3 0 1 1 3 2 2 3 18 3 0 6 13 9 1 1 2 0 3 8
40 5 51 18 4 15 119 38 57 122 55 12 6 105 14 32 448 43 94 5 3287 9 1505 441 4 80 179 535 3963 2329 0 7 1814 6579 23 34 19 633 96 18 9 1 73 6 29 27 9 6 0 6 2 0 28 0 0 9 12 7 5 3 3 0 41 2 17 1 0 1 2 24 4 4 131 0 1 11 57 75 21 0 3 6 25 2
60 49 812 118 1134 430 771 374 261 2056 16897 586 2012 893 120 751 11794 4004 9821 162 9496 61 12255 1413 238 1838 4324 2041 18285 3669 135 2047 6579 27654 186 1188 708 4193 865 1943 4295 112 344 61 169 132 59 35 24 11 30 49 104 3 9 31 45 11 38 42 37 201 156 6 164 24 13 36 18 102 24 218 456 35 32 227 243 252 48 3 10 20 154 34
11 23 254 147 1922 56891 870 22752 531 15094 100 51237 116 445 8392 553 26 28 36 386 811 50 2028 707 35 97 546 856 231 225 2 54 23 186 595875 2478 322 474 2059 1481 320 17 320 82 36 235 199 48 9 6 10 46 39 58 2167 7 116 7 1682 18 6199 17 20 228 173 5 0 11 14 123 28 335 165 2 17 189 119 32 16 0 15 4 31 141981
25 154 2048 231 282 1620 1131 1095 1200 2928 1867 946 1936 525 361 2696 328 912 1183 279 2126 244 8866 3080 1111 3346 12330 3486 996 417 175 433 34 1188 2478 13786 6812 5987 2807 6479 2537 360 1653 427 465 459 266 216 174 38 98 138 221 13 44 106 115 41 127 248 85 627 400 14 640 68 49 127 41 421 135 831 972 222 168 980 677 639 136 33 81 51 399 463
12 170 773 15 96 250 240 236 239 291 2758 111 3615 174 61 2020 126 495 429 28 433 239 5976 591 2226 1767 9248 539 345 44 287 172 19 708 322 6812 6260 2739 2188 1282 956 564 462 475 312 174 102 192 302 2 74 23 35 13 29 18 31 11 37 720 20 2406 48 13 110 15 196 133 10 66 51 115 150 732 310 855 90 76 13 200 52 7 201 79
34 130 2142 122 181 358 766 348 341 1971 5105 525 4822 468 96 1376 1177 1528 1714 185 2932 122 6725 1620 924 4408 13628 2214 2141 1042 442 270 633 4193 474 5987 2739 4945 3544 959 1172 308 621 147 269 200 134 118 151 29 69 79 111 13 24 34 50 25 56 149 51 948 208 8 314 35 28 66 21 154 65 406 497 188 90 622 291 359 54 24 36 24 211 165
14 52 601 61 221 313 419 234 179 1513 1109 413 1353 177 74 721 128 301 240 120 1726 59 2769 957 608 737 2665 1239 659 454 102 272 96 865 2059 2807 2188 3544 504 1075 968 308 386 98 109 133 106 73 92 9 31 24 69 5 14 27 28 11 30 65 44 419 108 8 219 18 6 14 13 139 37 316 306 129 29 200 158 181 28 9 21 12 116 780
7 80 162 116 4513 8057 196 1073 1071 799 2140 1343 1430 213 4399 365 38 187 115 199 450 124 1190 690 460 329 1182 431 883 82 37 2263 18 1943 1481 6479 1282 959 1075 22225 18010 250 288 75 84 86 375 128 50 7 28 25 164 13 55 30 46 6 161 71 135 229 88 69 88 9 18 30 89 54 52 137 234 77 25 142 258 128 19 8 29 7 67 629
2 40 24 13 2387 867 59 268 220 254 4812 161 2835 143 668 44 10 251 34 38 38 28 143 155 670 105 475 121 1499 21 47 1989 9 4295 320 2537 956 1172 968 18010 7488 339 153 48 43 46 46 61 68 3 20 3 29 3 7 4 13 2 15 65 13 340 32 7 9 3 9 9 12 16 7 17 45 110 24 48 40 34 2 12 5 3 35 90
0 30 3 3 15 18 10 9 12 22 377 16 1262 14 3 11 1 16 1 5 2 13 20 13 973 33 207 19 27 0 16 26 1 112 17 360 564 308 308 250 339 51 165 54 62 52 37 70 177 0 27 1 10 5 5 4 7 0 11 97 7 828 4 3 3 0 14 4 2 4 9 5 12 327 19 76 17 9 1 20 15 0 24 7
14 189 251 94 7 87 122 165 140 349 163 104 634 132 40 1080 82 56 124 56 491 343 1442 1208 928 252 1608 844 442 372 19 25 73 344 320 1653 462 621 386 288 153 165 15445 13490 2382 2157 6453 3234 581 25 278 1966 426 288 689 589 1023 138 1139 1973 440 2019 993 245 4027 265 536 1493 298 2273 267 6578 2149 370 2748 13836 3637 907 109 442 907 22 1298 1105
1 76 118 2 4 7 25 16 17 22 236 10 641 13 3 386 28 59 87 4 94 138 951 131 440 231 1354 91 25 30 48 2 6 61 82 427 475 147 98 75 48 54 13490 7434 1805 1960 697 608 264 2 89 476 43 36 138 71 159 22 124 2589 69 2310 118 33 1777 126 758 791 32 243 144 2350 245 268 1890 6269 217 107 17 689 262 8 955 232
12 159 197 47 2 33 48 79 70 141 100 27 366 84 7 578 43 35 112 25 164 181 1239 435 449 217 1362 254 155 109 21 7 29 169 36 465 312 269 109 84 43 62 2382 1805 2445 2517 422 631 514 134 185 2213 306 87 316 652 528 76 999 4443 359 2362 1135 36 2018 823 1398 1761 192 2579 167 5441 1091 233 2904 10962 2082 2996 793 1028 842 210 9591 77
2 44 38 41 5 33 23 67 51 142 47 44 279 63 9 229 26 13 30 18 121 78 296 378 362 69 382 253 195 138 8 9 27 132 235 459 174 200 133 86 46 52 2157 1960 2517 470 1020 1870 449 33 72 303 294 359 505 467 661 79 785 2143 272 1632 683 60 959 102 398 383 159 1246 52 1940 1077 163 952 2503 2258 990 177 402 1201 29 1322 383
3 55 7 348 12 134 20 78 183 918 43 463 173 35 97 81 2 9 5 283 35 85 139 410 201 12 143 432 57 37 2 7 9 59 199 266 102 134 106 375 46 37 6453 697 422 1020 21299 18265 222 15 99 95 899 5289 6153 310 1465 1408 1128 1554 1676 588 476 4048 273 18 67 95 791 168 131 592 1821 119 129 637 1326 305 28 51 3117 7 816 510
0 9 3 35 5 16 7 26 24 127 62 62 438 12 13 21 1 3 1 35 8 12 46 75 412 17 77 67 43 16 1 3 6 35 48 216 192 118 73 128 61 70 3234 608 631 1870 18265 5872 728 4 26 32 120 2582 712 141 428 73 341 3355 200 1806 126 299 70 14 88 50 122 54 19 157 216 121 112 295 419 212 19 93 3134 1 1379 119
1 18 1 0 5 6 2 1 3 8 78 3 914 2 4 8 3 4 2 3 6 12 8 9 1128 11 108 6 6 1 9 4 0 24 9 174 302 151 92 50 68 177 581 264 514 449 222 728 38 0 43 6 5 45 64 10 51 6 22 744 15 1684 19 7 10 1 20 14 11 7 3 16 24 266 46 120 29 15 0 51 153 0 404 14
2 1 3 5 1 6 2 20 10 20 0 5 0 13 0 8 2 1 0 2 4 6 13 78 1 1 10 41 39 17 0 0 6 11 6 38 2 29 9 7 3 0 25 2 134 33 15 4 0 6980 2 238 74 0 18 7538 222 26 164 35 8 1 13991 10 15 369 12 168 8 446 3 637 338 2 80 101 630 6737 2395 1 4 19 270 9
1 4062 285 16 2 5 14 3 248 9 24 15 116 5 19 441 47 9 33 6 16 1527 129 500 1747 209 4962 66 13 13 5 2 2 30 10 98 74 69 31 28 20 27 278 89 185 72 99 26 43 2 1582 27 71 7 13 10 11 309 3 92 14 330 13 42 326 47 57 488 1 29 1467 80 1033 2361 290 13218 90 15 12 17 7 0 134 5
3 89 408 1 2 6 31 10 22 15 1 3 4 22 4 277 62 7 8 2 59 127 1193 115 8 46 1335 57 17 15 0 0 0 49 46 138 23 79 24 25 3 1 1966 476 2213 303 95 32 6 238 27 10867 17 5 147 1728 1043 13 143 154 13 17 2123 16 266 9105 60 598 15 1310 49 17624 157 4 5876 6334 1003 485 492 12 48 20 1353 97
17 87 5 1134 6 92 73 88 495 919 18 643 17 113 58 126 7 6 9 536 22 347 36 4102 51 11 259 601 221 51 1 9 28 104 39 221 35 111 69 164 29 10 426 43 306 294 899 120 5 74 71 17 4489 32 730 257 898 1024 1211 144 4689 47 1183 356 85 16 18 27 3901 53 205 75 12930 27 32 299 3588 716 45 10 110 16 259 58
0 6 1 13 1 9 5 4 12 22 6 13 18 1 4 3 0 1 0 11 1 5 10 21 15 1 10 18 3 0 0 0 0 3 58 13 13 13 5 13 3 5 288 36 87 359 5289 2582 45 0 7 5 32 1243 1968 22 2019 135 72 446 111 90 146 833 7 5 15 11 25 5 7 15 105 7 15 41 94 45 0 5 3006 1 276 1158
1 10 3 86 3 151 12 22 35 209 5 451 27 6 27 11 2 2 1 78 1 17 22 129 37 1 28 82 11 4 1 0 0 9 2167 44 29 24 14 55 7 5 689 138 316 505 6153 712 64 18 13 147 730 1968 25320 2763 24785 441 12373 713 17447 209 1819 13316 25 35 62 68 1432 341 21 356 1060 10 115 211 2859 501 64 56 2759 8 513 25262
2 10 7 59 0 16 12 29 25 266 7 38 2 39 5 41 4 2 1 40 11 21 117 135 8 2 60 148 68 12 0 2 9 31 7 106 18 34 27 30 4 4 589 71 652 467 310 141 10 7538 10 1728 257 22 2763 74169 10685 74 13994 246 126 40 26171 306 182 925 46 278 50 4139 32 4911 1777 3 349 879 38032 4728 14397 13 174 34 719 183
5 4 3 76 0 32 19 40 40 236 4 78 34 35 8 22 1 0 2 44 12 13 53 169 32 7 46 163 51 20 1 0 12 45 116 115 31 50 28 46 13 7 1023 159 528 661 1465 428 51 222 11 1043 898 2019 24785 10685 24035 149 18206 801 2789 255 29427 1580 77 339 87 153 924 1888 13 2462 1264 16 239 377 5594 1574 753 64 3903 21 755 2277
3 168 3 84 1 6 18 15 317 163 4 66 10 20 4 145 1 0 2 31 17 476 66 905 70 7 221 134 31 11 0 0 7 11 7 41 11 25 11 6 2 0 138 22 76 79 1408 73 6 26 309 13 1024 135 441 74 149 1006 211 34 1539 38 272 719 135 10 8 26 608 13 660 15 7612 103 31 657 797 255 18 2 36 15 70 20
3 5 3 318 8 197 35 56 83 1003 7 556 28 32 41 3 0 1 1 211 3 5 18 275 31 4 9 439 61 7 2 2 5 38 1682 127 37 56 30 161 15 11 1139 124 999 785 1128 341 22 164 3 143 1211 72 12373 13994 18206 211 45717 608 6430 150 8253 851 43 77 89 109 2682 349 9 364 925 10 138 269 7993 1438 99 38 427 17 932 16767
0 63 31 16 4 7 8 9 15 19 433 8 1749 7 3 27 14 94 82 7 12 16 64 54 889 271 972 33 18 17 105 9 3 42 18 248 720 149 65 71 65 97 1973 2589 4443 2143 1554 3355 744 35 92 154 144 446 713 246 801 34 608 24445 403 7014 573 75 105 604 4070 3762 192 237 19 342 254 428 1440 1762 558 943 163 488 2482 55 11826 51
1 11 0 907 7 738 22 115 135 897 20 3520 19 49 118 9 0 8 6 656 0 21 3 571 21 5 40 212 64 3 1 3 3 37 6199 85 20 51 44 135 13 7 440 69 359 272 1676 200 15 8 14 13 4689 111 17447 126 2789 1539 6430 403 13981 91 1138 2179 12 14 79 69 5751 25 37 31 4875 11 65 131 2251 672 13 42 435 5 531 18678
0 204 12 6 26 24 8 22 33 30 1416 23 7970 14 12 22 5 102 19 7 11 63 40 52 8709 276 3654 30 37 3 180 32 0 201 17 627 2406 948 419 229 340 828 2019 2310 2362 1632 588 1806 1684 1 330 17 47 90 209 40 255 38 150 7014 91 10945 94 27 32 8 136 90 40 37 45 51 127 5814 1219 7726 125 125 11 5284 608 5 1503 37
9 3 15 116 3 46 32 94 105 390 9 55 12 92 13 46 3 3 1 61 35 27 78 532 20 5 76 350 273 112 0 1 41 156 20 400 48 208 108 88 32 4 993 118 1135 683 476 126 19 13991 13 2123 1183 146 1819 26171 29427 272 8253 573 1138 94 51050 211 129 1501 131 629 640 3596 27 5354 2753 15 504 666 7699 35744 5999 25 2341 187 2217 110
0 19 0 104 1 26 8 15 39 200 2 116 4 6 23 8 0 0 0 67 3 27 16 114 16 1 20 100 15 1 0 0 2 6 228 14 13 8 8 69 7 3 245 33 36 60 4048 299 7 10 42 16 356 833 13316 306 1580 719 851 75 2179 27 211 3668 9 1 8 13 384 38 48 35 1158 14 10 109 625 113 6 5 273 7 39 2993
2 298 84 20 5 12 78 29 219 23 17 14 12 25 7 3318 29 4 17 4 644 1620 4047 2304 54 26 1941 428 92 147 0 3 17 164 173 640 110 314 219 88 9 3 4027 1777 2018 959 273 70 10 15 326 266 85 7 25 182 77 135 43 105 12 32 129 9 9128 465 46 180 7 2455 7537 3494 12178 54 171 5981 1635 429 448 13 52 55 1538 344
0 90 250 1 0 1 16 2 7 5 1 0 4 10 0 108 54 1 16 0 26 89 502 58 19 66 735 37 3 6 0 0 1 24 5 68 15 35 18 9 3 0 265 126 823 102 18 14 1 369 47 9105 16 5 35 925 339 10 77 604 14 8 1501 1 465 6594 125 5884 7 837 62 11652 153 11 3736 7554 748 1017 1241 0 72 55 8914 13
0 45 22 0 1 1 1 0 4 1 132 2 283 0 0 7 8 97 89 1 2 3 26 17 384 211 905 1 11 2 62 1 0 13 0 49 196 28 6 18 9 14 536 758 1398 398 67 88 20 12 57 60 18 15 62 46 87 8 89 4070 79 136 131 8 46 125 2260 2822 32 48 7 110 49 341 1661 671 107 153 55 23 144 6 1648 3
0 356 246 1 1 4 13 5 22 5 80 5 142 2 1 57 108 116 466 0 17 59 142 53 345 812 2600 15 14 6 42 1 1 36 11 127 133 66 14 30 9 4 1493 791 1761 383 95 50 14 168 488 598 27 11 68 278 153 26 109 3762 69 90 629 13 180 5884 2822 6727 27 340 89 846 170 462 4082 7284 315 679 444 17 127 41 9387 28
0 5 0 305 2 35 19 31 67 495 4 301 6 13 30 2 4 2 0 173 1 8 0 369 10 1 6 193 25 0 2 3 2 18 14 41 10 21 13 89 12 2 298 32 192 159 791 122 11 8 1 15 3901 25 1432 50 924 608 2682 192 5751 40 640 384 7 7 32 27 1709 12 3 12 2434 4 29 57 1955 340 9 14 190 2 251 143
0 15 35 4 2 10 30 14 73 12 9 8 2 23 8 646 21 4 6 0 377 183 601 561 13 14 200 330 115 200 0 2 24 102 123 421 66 154 139 54 16 4 2273 243 2579 1246 168 54 7 446 29 1310 53 5 341 4139 1888 13 349 237 25 37 3596 38 2455 837 48 340 12 30447 179 23642 951 6 232 1091 12362 4438 24633 12 87 1221 8746 379
4 1487 111 45 4 12 29 7 1119 8 3 41 27 9 41 2501 15 2 9 15 59 5221 617 2281 288 29 4364 147 20 31 1 2 4 24 28 135 51 65 37 52 7 9 267 144 167 52 131 19 3 3 1467 49 205 7 21 32 13 660 9 19 37 45 27 48 7537 62 7 89 3 179 4834 333 7395 190 62 9300 536 41 33 0 8 7 117 11
6 90 192 12 5 17 118 27 95 39 24 3 14 31 7 3932 44 5 16 6 757 1091 7578 822 33 40 1694 338 72 115 0 3 4 218 335 831 115 406 316 137 17 5 6578 2350 5441 1940 592 157 16 637 80 17624 75 15 356 4911 2462 15 364 342 31 51 5354 35 3494 11652 110 846 12 23642 333 36452 721 17 1943 9502 4137 2740 2733 28 164 727 12175 707
32 778 59 680 14 151 259 253 1617 1105 63 286 57 298 64 1776 39 22 38 177 282 3095 487 17108 209 45 1718 1848 739 361 0 18 131 456 165 972 150 497 306 234 45 12 2149 245 1091 1077 1821 216 24 338 1033 157 12930 105 1060 1777 1264 7612 925 254 4875 127 2753 1158 12178 153 49 170 2434 951 7395 721 39164 217 189 5252 11633 3239 860 21 154 210 1345 210
0 1517 34 7 5 8 4 6 61 10 267 5 2170 4 5 61 11 54 49 4 2 203 31 80 7463 248 4313 10 12 3 67 3 0 35 2 222 732 188 129 77 110 327 370 268 233 163 119 121 266 2 2361 4 27 7 10 3 16 103 10 428 11 5814 15 14 54 11 341 462 4 6 190 17 217 3439 721 7449 18 11 3 546 38 3 163 9
0 345 366 0 1 0 12 4 20 2 194 3 459 4 2 52 148 137 328 2 12 58 195 45 633 897 2863 13 8 4 81 0 1 32 17 168 310 90 29 25 24 19 2748 1890 2904 952 129 112 46 80 290 5876 32 15 115 349 239 31 138 1440 65 1219 504 10 171 3736 1661 4082 29 232 62 1943 189 721 44913 17380 340 344 194 1263 154 22 1723 59
12 6835 2642 42 9 37 221 56 451 71 342 15 1084 119 27 3796 636 218 686 13 220 3926 6583 1517 4401 2211 25336 337 63 59 117 6 11 227 189 980 855 622 200 142 48 76 13836 6269 10962 2503 637 295 120 101 13218 6334 299 41 211 879 377 657 269 1762 131 7726 666 109 5981 7554 671 7284 57 1091 9300 9502 5252 7449 17380 62134 1923 740 308 1081 262 66 5448 411
21 59 21 620 8 147 141 217 287 1849 28 479 42 200 55 250 17 10 12 410 174 179 215 1097 44 14 226 1204 394 202 1 13 57 243 119 677 90 291 158 258 40 17 3637 217 2082 2258 1326 419 29 630 90 1003 3588 94 2859 38032 5594 797 7993 558 2251 125 7699 625 1635 748 107 315 1955 12362 536 4137 11633 18 340 1923 37894 6203 18446 41 372 516 2960 396
23 18 19 79 5 75 41 139 148 227 14 48 23 160 19 115 7 4 9 43 96 57 122 869 28 6 95 461 410 238 0 9 75 252 32 639 76 359 181 128 34 9 907 107 2996 990 305 212 15 6737 15 485 716 45 501 4728 1574 255 1438 943 672 125 35744 113 429 1017 153 679 340 4438 41 2740 3239 11 344 740 6203 40695 22291 33 1789 4416 13401 50
2 8 8 8 3 9 16 16 33 8 4 3 8 16 2 87 5 1 2 0 61 43 57 245 5 6 43 154 78 76 0 1 21 48 16 136 13 54 28 19 2 1 109 17 793 177 28 19 0 2395 12 492 45 0 64 14397 753 18 99 163 13 11 5999 6 448 1241 55 444 9 24633 33 2733 860 3 194 308 18446 22291 45012 7 39 1669 5862 11
0 8 1 1 1 0 1 0 2 0 189 0 664 0 0 3 1 21 1 0 0 2 10 3 731 66 775 1 1 0 51 1 0 3 0 33 200 24 9 8 12 20 442 689 1028 402 51 93 51 1 17 12 10 5 56 13 64 2 38 488 42 5284 25 5 13 0 23 17 14 12 0 28 21 546 1263 1081 41 33 7 331 86 3 303 2
0 6 2 9 0 7 3 2 9 33 21 16 113 0 5 13 0 3 4 9 5 8 27 43 97 7 34 35 8 7 1 2 3 10 15 81 52 36 21 29 5 15 907 262 842 1201 3117 3134 153 4 7 48 110 3006 2759 174 3903 36 427 2482 435 608 2341 273 52 72 144 127 190 87 8 164 154 38 154 262 372 1789 39 86 5078 18 3102 51
0 0 0 4 1 5 2 9 15 9 2 0 1 10 2 16 2 0 0 2 15 6 9 63 1 3 10 44 38 28 0 0 6 20 4 51 7 24 12 7 3 0 22 8 210 29 7 1 0 19 0 20 16 1 8 34 21 15 17 55 5 5 187 7 55 55 6 41 2 1221 7 727 210 3 22 66 516 4416 1669 3 18 1021 3120 2
14 91 87 43 3 26 46 60 66 77 65 30 238 63 8 347 26 23 87 22 169 149 662 465 289 123 740 234 155 141 7 3 25 154 31 399 201 211 116 67 35 24 1298 955 9591 1322 816 1379 404 270 134 1353 259 276 513 719 755 70 932 11826 531 1503 2217 39 1538 8914 1648 9387 251 8746 117 12175 1345 163 1723 5448 2960 13401 5862 303 3102 3120 34123 57
2 8 61 15 150 4139 34 356 105 384 22 7880 42 12 998 178 3 3 14 14 228 38 534 159 16 33 209 115 18 35 1 8 2 34 141981 463 79 165 780 629 90 7 1105 232 77 383 510 119 14 9 5 97 58 1158 25262 183 2277 20 16767 51 18678 37 110 2993 344 13 3 28 143 379 11 707 210 9 59 411 396 50 11 2 51 2 57 510877
