1767.37
3733.78
2062.42
627.35
1454.39
1203.76
1498.46
2689.28
2629.51
725.88
1132.89
1185.23
2305.07
876.21
1658.91
1094.00
1487.12
765.19
985.31
676.94
1002.96
2174.45
728.03
1465.05
1428.98
638.82
950.29
1940.50
1114.45
1132.34
954.53
562.64
1728.27
1304.04
1928.90
787.65
664.40
1115.99
1149.83
1191.19
1204.06
3001.70
580.27
537.40
1809.37
1772.04
1357.94
1612.83
2171.17
829.40
536.60
1036.19
600.08
1590.46
3005.53
1917.01
3534.26
1345.42
1645.58
3596.73
1971.60
3722.74
686.81
1078.57
427.81
1457.12
2787.94
1908.60
2017.83
3195.52
1224.55
1794.05
1005.83
918.04
793.67
1982.17
1564.86
1670.42
761.74
319.59
11936.67
2182.16
4373.42
1808.98
785.60
1477.23
1357.81
1311.58
2464.14
2145.88
1405.17
951.48
982.03
1164.33
571.09
1405.37
1851.71
2031.64
488.84
872.71
603.99
1069.90
1949.72
497.16
1532.22
1446.93
849.46
505.21
2724.76
1346.15
1245.66
873.27
483.69
1894.37
1178.02
2097.78
718.85
546.88
1420.65
1132.73
1253.11
1212.31
2661.18
317.73
384.37
1747.29
2265.69
1493.08
1910.33
2070.01
1009.16
530.29
792.98
415.40
1604.35
2458.09
1990.97
2347.75
1136.42
1525.93
3604.73
2012.08
3105.44
795.45
1393.76
329.92
977.01
2514.62
2328.62
2989.36
2949.49
1329.48
2167.96
1017.52
955.47
791.31
1904.14
1624.57
1634.44
757.70
355.05
11294.36
