-0.38 0.77 0.51
-0.30 0.53 -0.79
0.89 -0.03 -0.46
-0.66 -0.67 -0.34
-0.90 0.41 -0.13
-0.14 0.90 -0.42
-0.97 0.15 0.22
-0.69 0.46 0.55
-0.58 -0.13 0.81
-0.60 0.52 0.61
-0.38 0.18 0.91
-0.65 -0.04 0.76
1.00 0.02 -0.09
0.98 -0.14 0.14
1.00 0.00 -0.05
-0.35 0.53 0.77
-0.34 0.06 0.94
0.63 -0.09 -0.77
-0.13 0.73 0.68
-0.13 -0.05 0.99
-0.74 0.39 0.55
-0.61 -0.28 0.74
-0.54 -0.35 0.76
-0.05 0.14 0.99
0.60 -0.80 0.05
-0.63 0.38 -0.67
-0.70 -0.32 -0.63
0.91 0.27 -0.31
0.99 -0.04 0.11
0.96 -0.29 0.05
0.89 -0.43 0.12
0.75 0.05 -0.66
-0.97 0.15 -0.21
-0.63 0.39 0.67
0.03 0.72 -0.69
0.71 -0.21 0.68
0.28 0.06 0.96
-0.41 0.54 0.74
-0.82 0.57 0.03
-0.84 -0.00 -0.54
-0.83 0.15 0.53
-0.97 0.03 0.26
-0.58 0.21 -0.78
-0.40 0.45 -0.80
-0.91 0.38 0.18
-0.89 -0.42 0.19
-0.40 0.08 -0.91
-0.50 -0.27 -0.83
0.10 0.20 -0.97
0.10 -0.01 -1.00
0.21 0.05 -0.98
0.22 0.83 -0.52
0.50 -0.31 -0.81
0.17 -0.18 -0.97
-0.60 0.09 0.79
-0.62 -0.64 0.45
-0.58 -0.73 0.37
-0.15 0.45 -0.88
-0.85 -0.35 0.39
-0.41 -0.85 0.34
-0.33 -0.39 0.86
0.98 -0.19 -0.08
0.79 0.20 0.58
0.97 -0.01 -0.25
-0.92 -0.21 0.32
-0.26 0.10 -0.96
-0.76 -0.60 0.24
-0.21 -0.97 -0.08
-0.09 -0.87 -0.49
0.73 0.27 -0.63
0.89 -0.28 -0.37
0.97 0.22 0.07
0.55 0.47 0.69
0.36 -0.59 0.72
-0.49 -0.86 0.13
-0.57 0.67 0.47
0.33 0.30 -0.90
-0.12 0.12 -0.99
-0.11 0.05 0.99
-0.65 -0.39 0.65
-0.13 0.96 0.24
0.69 0.62 0.38
0.18 0.49 -0.85
-0.43 0.26 -0.86
0.86 -0.21 -0.47
0.77 -0.08 -0.63
0.31 0.88 -0.35
0.85 -0.52 -0.03
0.81 0.35 0.48
0.56 -0.20 0.80
0.54 0.43 0.73
0.97 -0.01 0.26
0.72 -0.45 0.52
-0.99 -0.07 -0.09
-0.98 0.14 -0.13
-0.99 0.11 0.07
0.04 0.47 0.88
0.35 -0.22 0.91
-0.92 0.23 -0.32
0.37 0.73 0.58
0.22 0.47 0.86
0.94 0.12 0.32
0.47 -0.45 0.76
0.60 -0.45 0.66
0.30 0.17 0.94
-0.80 -0.57 0.17
0.83 0.02 -0.56
-0.22 -0.20 -0.95
-0.98 0.09 0.15
-0.90 0.07 0.43
-0.98 0.01 0.18
-0.96 0.02 0.28
-0.89 0.19 -0.42
0.86 0.35 -0.38
0.57 0.15 0.81
-0.02 0.79 -0.61
-0.59 -0.19 0.79
0.05 -0.10 0.99
0.53 0.72 0.44
0.87 0.50 -0.03
0.71 -0.09 -0.70
0.97 -0.08 0.24
0.94 -0.27 -0.19
0.91 -0.06 -0.41
0.09 -0.96 0.27
0.94 0.29 -0.20
0.95 -0.19 -0.24
0.26 0.03 -0.97
0.15 -0.44 -0.88
-0.60 0.22 -0.77
-0.26 0.04 -0.96
-0.18 -0.23 -0.96
-0.34 0.36 -0.87
-0.85 -0.15 -0.51
-0.52 -0.02 -0.86
0.66 -0.10 0.74
0.65 -0.76 -0.03
0.47 -0.86 0.22
0.01 0.14 -0.99
0.92 -0.22 0.33
0.54 -0.78 0.32
0.27 -0.63 0.73
-0.99 -0.13 0.07
-0.74 0.22 0.64
-0.96 -0.24 0.16
0.58 -0.41 -0.70
0.38 0.44 -0.81
0.74 -0.67 0.07
0.42 -0.71 0.56
-0.08 -0.94 -0.34
-0.80 0.41 -0.43
-0.94 -0.02 -0.35
-0.97 -0.14 0.21
-0.02 0.46 0.89
-0.96 -0.16 -0.21
-0.05 -0.78 -0.62
0.89 0.34 -0.31
-0.02 -0.01 -1.00
-0.29 0.08 -0.95
-0.94 -0.24 0.24
0.58 -0.53 0.61
0.22 0.98 -0.02
