3705.00
8844.00
4149.00
1355.00
3167.00
2509.00
3394.00
5519.00
5756.00
1562.00
2802.00
3182.00
5224.00
2122.00
4332.00
2353.00
3638.00
1415.00
2587.00
1911.00
2277.00
4770.00
1671.00
3064.00
2843.00
1342.00
2100.00
4667.00
2714.00
2587.00
1965.00
1007.00
5185.00
4493.00
5174.00
2005.00
1322.00
2830.00
2642.00
2747.00
3277.00
7742.00
1552.00
1264.00
4194.00
4127.00
2706.00
3406.00
4527.00
2107.00
1398.00
2308.00
1314.00
4189.00
5938.00
4251.00
6917.00
3128.00
3803.00
7980.00
4572.00
8053.00
1718.00
2858.00
874.00
2966.00
5820.00
3694.00
3166.00
5239.00
2599.00
2771.00
2442.00
1761.00
1878.00
7167.00
3689.00
4230.00
1697.00
527.00
45370.00
4490.00
9654.00
3428.00
1587.00
3361.00
2785.00
2782.00
5008.00
4651.00
3405.00
2197.00
2539.00
2395.00
1378.00
3583.00
3865.00
4928.00
652.00
2349.00
1558.00
2499.00
4246.00
1038.00
3317.00
2911.00
2043.00
1083.00
6600.00
3222.00
3008.00
1808.00
959.00
5373.00
3836.00
5719.00
1955.00
1151.00
3899.00
2937.00
2970.00
3449.00
7740.00
813.00
1002.00
4122.00
5360.00
3430.00
4477.00
4335.00
2811.00
1289.00
2198.00
774.00
4385.00
4749.00
4267.00
4660.00
2489.00
3914.00
8061.00
4691.00
7042.00
2157.00
3395.00
831.00
2205.00
5305.00
4559.00
4903.00
5254.00
2586.00
3464.00
2431.00
1749.00
1948.00
6760.00
3732.00
4283.00
1743.00
594.00
43702.00
