5218 2818 2933 43 74 11 270 2630 364 1179 120 111 5328 22 2 1338 66 55 26 4 28 44 0 9 6 3 2 365 5 4 4 1 437 603 16 46 5 14 31 30 106 100 21 15 53 138 1 62 40 21 6 43 1 6 64 3 175 8 21 396 29 33 6 2 12 61 238 96 237 181 14 10 16 48 11 3672 2120 3432 509 13 41 2338 1058 551 109 66 4 9 142 8 31 8 0 693 3 0 822 12 5 1 0 1 3 0 1 1 0 1 863 10 0 5 0 12 7 1 4 0 1 2 0 0 1 0 0 0 0 0 0 0 0 0 1 0 1 1 2 1 1 2 1 0 4 3 1 0 0 0 1 1 3 0 0 1 1 1 75 383 48 5 6 9
2818 9876 1422 1145 1773 37 855 967 365 75 8 29 242 11 7 158 26 1332 77 2 125 54 0 13 11 6 8 26 2 0 4 2 2634 872 103 1138 5 73 311 171 238 279 55 49 139 422 8 167 61 26 4 58 0 367 88 14 198 22 102 642 33 43 2 14 21 85 274 121 299 231 28 20 24 57 706 2558 1416 4141 416 436 39 612 345 332 30 7 2 3 40 4 9 2 0 122 1 1 184 3 96 1 0 0 2 0 1 4 0 0 245 3 0 1 0 5 1 2 3 0 5 0 0 0 0 0 1 0 0 0 0 0 0 0 0 0 2 4 8 19 1 0 1 4 25 4 2 1 0 0 2 5 2 0 5 1 19 4 20 152 19 6 15 3
2933 1422 2857 9 5 0 5 55 5 6 11 0 2292 7 4 330 3 1605 0 0 0 4 0 1 4 0 0 1133 14 6 4 7 421 248 50 174 1 2 27 6 49 25 3 2 22 22 1 15 10 8 4 28 1 114 6 0 40 2 8 63 4 38 5 2 3 29 106 49 118 105 13 10 16 44 491 792 2943 4052 331 1830 33 1632 1659 2378 29 8 0 0 19 3 8 2 0 823 1 0 463 5 380 0 0 0 3 0 0 1 0 0 1501 17 5 6 0 15 9 10 6 2 3 1 3 4 0 1 0 0 2 0 1 0 0 0 0 0 2 1 0 11 1 0 2 4 10 0 2 0 1 3 4 1 1 0 2 1 7 5 42 1143 180 8 265 1
43 1145 9 116 1113 81 100 164 11 14 3 4 52 4 3 66 12 5 10 1 19 14 2 6 5 11 30 3 0 0 1 0 1785 773 11 38 39 116 81 196 204 272 41 15 154 353 1 62 15 15 3 28 0 4 33 6 67 53 127 291 10 19 1 5 9 35 149 63 213 129 7 14 1 4 2 565 144 774 121 1 20 48 34 9 3 4 1 1 5 1 1 1 0 8 0 0 19 2 0 0 0 0 3 0 1 6 0 0 6 0 0 1 1 0 1 0 0 1 0 0 0 1 0 0 0 1 0 0 0 0 0 0 0 0 0 2 0 6 0 3 0 2 6 0 1 0 0 0 0 1 3 0 1 1 1 0 3 11 1 0 0 2
74 1773 5 1113 2773 744 4060 1412 284 90 62 28 363 152 13 365 146 0 284 0 278 28 0 5 4 14 29 21 5 1 1 0 1283 538 6 35 38 147 36 376 310 685 118 56 244 1017 1 255 24 38 1 10 0 6 80 23 108 67 303 862 31 9 0 4 22 18 118 36 82 52 6 3 0 3 0 376 142 399 62 0 7 301 90 34 42 98 15 16 131 19 31 4 1 131 2 0 285 22 1 3 0 0 1 0 2 7 0 0 81 3 0 0 0 3 3 0 3 1 2 3 0 0 0 0 0 0 1 0 0 0 0 0 0 0 0 6 3 1 2 2 1 0 4 1 1 0 0 0 1 0 0 0 0 0 3 1 43 51 19 8 2 0
11 37 0 81 744 866 840 119 716 7 137 666 468 1662 563 409 2759 1 1942 11 397 56 48 16 21 284 344 6 4 0 0 0 3933 596 7 453 196 193 177 322 212 617 70 35 157 664 5 166 8 17 1 1 0 8 283 91 139 184 738 1097 53 25 2 2 15 1 65 17 10 5 0 1 1 0 1 50 12 172 55 0 0 29 12 1 3 15 25 5 41 73 6 14 0 16 44 22 31 72 0 3 1 1 2 0 2 9 2 1 3 4 0 1 0 2 0 0 0 0 1 1 0 1 0 1 0 0 2 0 0 0 0 0 0 0 0 9 1 0 0 3 0 0 0 1 0 0 0 1 1 0 1 0 0 0 1 0 14 9 4 0 0 1
270 855 5 100 4060 840 3531 7487 2161 159 14 46 50 38 4 56 74 1 1405 0 920 112 6 24 2 4 7 5 2 0 0 0 49 73 4 7 16 102 9 326 258 814 114 81 209 1224 1 391 24 48 3 4 0 3 199 46 194 23 342 1826 83 4 1 0 36 6 108 17 7 3 1 0 4 0 0 129 69 65 13 1 1 114 45 9 16 58 8 12 87 10 21 3 0 56 6 1 162 9 0 0 0 2 3 0 2 6 0 1 44 0 0 0 0 2 0 0 1 0 2 0 0 2 1 0 0 1 0 0 0 0 0 0 0 0 0 4 5 3 2 4 0 1 4 0 0 0 0 1 1 0 0 0 0 0 2 0 27 29 16 2 0 0
2630 967 55 164 1412 119 7487 9217 4407 7685 4980 1031 919 93 22 1719 1047 6 255 16 352 256 2 39 28 1 1 32 15 7 2 1 321 672 9 29 11 59 44 185 186 473 116 96 148 840 9 362 43 57 3 29 1 15 325 35 630 10 156 2350 170 75 10 9 47 31 322 104 160 81 5 7 14 28 11 2552 1550 1124 273 1 27 1143 344 74 162 440 82 141 962 157 172 78 1 628 21 6 1639 170 3 4 1 7 3 0 1 11 2 1 505 24 1 4 0 37 22 3 18 4 9 18 1 1 8 0 0 0 2 0 0 0 0 0 0 0 0 16 4 11 7 2 7 1 4 7 0 0 1 1 3 4 2 3 3 1 5 2 349 267 147 39 1 6
364 365 5 11 284 716 2161 4407 5239 756 1806 5762 109 105 91 210 1638 2 2630 2458 1251 2062 10 403 87 11 0 21 15 3 0 1 133 88 7 26 6 50 13 140 98 584 141 148 102 1016 7 595 48 86 6 3 0 18 2465 160 3426 17 247 6822 690 124 9 3 71 6 371 111 9 3 2 3 9 4 3 384 377 198 40 2 9 673 199 18 104 507 952 216 1288 3725 325 299 328 314 1204 1607 1151 4065 0 176 15 246 72 2 5 88 92 3 242 183 22 10 0 153 59 5 53 8 26 42 10 8 24 2 6 7 31 1 21 0 5 2 1 0 1 98 33 112 32 21 96 15 54 9 3 0 2 26 9 1 0 1 3 4 5 0 537 397 209 19 2 3
1179 75 6 14 90 7 159 7685 756 743 826 118 82 12 5 213 92 0 3 1 3 16 0 9 2 0 1 4 6 0 0 0 29 58 0 3 1 1 2 4 8 19 4 1 5 37 0 16 2 5 0 5 0 1 37 0 66 1 2 226 25 6 2 0 4 1 31 13 19 10 1 0 4 6 1 258 143 131 48 0 10 155 41 16 23 82 28 18 151 51 35 19 0 81 20 4 224 73 0 0 0 3 2 0 0 5 1 0 67 9 0 1 0 7 3 0 1 1 1 2 0 1 1 0 0 0 0 0 0 0 0 0 0 0 0 2 0 1 2 0 1 1 3 2 0 0 0 2 0 0 0 0 1 0 1 0 55 26 22 3 0 1
120 8 11 3 62 137 14 4980 1806 826 2666 747 817 103 23 2478 1269 2 6 2 9 14 0 3 18 0 1 14 10 3 3 0 152 160 1 14 2 6 7 4 19 19 1 2 5 17 1 11 6 4 0 2 0 2 20 2 83 6 8 115 8 31 13 2 2 3 38 11 30 16 1 2 4 3 0 317 107 218 36 0 7 127 24 6 12 94 24 23 183 72 40 25 0 96 18 4 279 71 0 1 0 0 3 0 0 3 1 0 82 12 1 1 0 11 5 0 3 0 2 0 0 0 1 0 0 0 1 0 0 0 0 0 0 0 0 1 1 0 2 0 2 0 3 2 0 0 0 2 0 0 0 0 2 2 1 1 79 25 23 2 0 3
111 29 0 4 28 666 46 1031 5762 118 747 1715 28 15 101 163 2217 1 149 537 357 675 1 12 131 30 2 1 1 1 1 0 177 81 1 32 2 5 17 11 8 26 3 1 7 36 0 15 5 1 1 1 0 5 166 14 708 2 11 375 60 153 12 3 1 1 44 32 3 1 0 0 18 6 2 558 81 233 39 0 9 42 16 1 6 39 138 21 83 446 20 22 36 15 215 187 34 433 0 23 0 38 9 0 2 11 17 0 17 30 4 0 0 27 14 1 8 0 5 12 3 0 2 0 1 0 7 0 2 0 1 1 0 0 0 9 5 9 0 4 12 2 9 0 0 0 0 8 1 0 0 0 0 3 0 0 30 54 30 1 0 1
5328 242 2292 52 363 468 50 919 109 82 817 28 8571 715 83 4774 284 29 7 4 38 27 0 6 85 1 1 8927 2080 146 146 102 626 979 10 74 3 23 39 34 118 80 9 5 49 56 0 19 30 8 3 31 3 5 62 3 175 13 18 162 21 849 209 27 7 49 242 115 205 143 32 19 21 63 16 4110 2991 2482 531 18 33 4617 1543 674 397 883 243 254 1878 560 460 270 6 2986 222 21 5009 886 7 9 0 18 15 0 2 12 3 1 3379 547 65 47 9 138 63 3 38 2 12 17 5 14 14 1 0 9 4 2 1 0 0 0 1 1 2 11 3 8 7 10 21 3 127 14 6 0 1 6 18 7 5 2 8 9 15 2 1093 911 494 95 24 10
22 11 7 4 152 1662 38 93 105 12 103 15 715 1111 603 202 1127 3 140 4 211 17 0 7 411 4 2 64 831 236 26 22 504 282 8 49 4 10 20 14 31 35 4 3 15 52 0 16 6 6 1 1 0 4 62 5 584 3 18 189 28 1016 392 20 2 4 67 63 29 8 4 9 11 3 5 1099 75 630 60 1 9 217 47 6 36 286 670 116 654 1174 132 224 40 214 1021 251 585 1922 2 53 1 107 12 1 2 19 26 1 212 1136 37 18 2 117 30 2 19 2 3 34 4 5 9 1 0 4 11 1 11 0 1 1 1 0 0 24 7 31 1 2 36 4 89 17 2 1 1 11 4 2 1 1 8 2 6 0 412 162 150 7 0 6
2 7 4 3 13 563 4 22 91 5 23 101 83 603 2592 22 1085 19 106 287 1389 764 58 109 8726 187 9 38 815 1900 74 7 786 251 21 165 4 6 44 12 7 17 5 2 4 27 0 6 2 2 0 1 0 13 389 24 1318 10 17 165 45 2040 1066 8 0 3 41 49 5 3 4 0 99 9 9 2057 379 1383 319 4 22 49 15 1 12 43 345 63 93 3428 34 39 613 13 909 7218 65 7155 0 169 190 587 1932 3 36 534 77 2 21 238 707 25 0 24 15 0 17 1 8 25 5 2 15 0 0 0 19 0 16 0 2 0 0 0 1 66 8 101 1 5 78 6 234 74 0 1 1 12 6 2 0 0 0 9 0 0 166 186 102 22 3 7
1338 158 330 66 365 409 56 1719 210 213 2478 163 4774 202 22 2050 745 4 12 1 41 14 0 5 25 2 7 229 44 7 6 3 469 819 13 45 4 17 26 16 87 53 5 5 26 44 0 19 20 6 1 12 0 2 40 3 89 12 16 105 16 78 9 6 6 26 144 66 150 105 9 12 15 34 7 2246 1138 1234 298 2 18 1046 322 101 126 325 63 71 638 142 140 71 2 579 38 2 1363 192 4 4 0 6 1 0 1 2 1 1 489 47 0 1 2 35 19 3 11 0 1 5 0 4 3 0 0 2 2 0 0 0 0 0 0 0 0 4 1 2 1 1 7 1 4 3 0 0 0 2 2 1 1 2 1 4 2 0 313 224 128 31 1 9
66 26 3 12 146 2759 74 1047 1638 92 1269 2217 284 1127 1085 745 2547 12 444 1393 2093 869 45 59 832 215 10 4 11 19 1 0 1195 446 25 213 6 17 72 37 31 83 21 10 19 118 2 19 4 3 2 1 0 19 465 43 1936 13 41 501 67 835 129 6 6 5 116 73 29 18 1 3 105 25 7 2979 373 1716 391 0 37 118 33 3 17 108 373 73 230 1747 51 57 190 40 657 1792 158 2511 1 92 50 216 295 2 4 33 38 1 24 128 64 1 0 45 28 0 16 0 3 21 1 2 13 0 1 0 18 0 11 1 3 0 0 0 2 38 5 41 5 4 45 7 24 10 0 0 2 5 2 1 1 0 0 3 1 1 142 123 57 3 0 10
55 1332 1605 5 0 1 1 6 2 0 2 1 29 3 19 4 12 1806 0 0 3 12 0 2 10 1 0 1637 197 52 52 35 479 381 179 1153 0 5 22 2 21 18 0 3 9 10 0 5 30 4 8 21 2 870 13 1 88 2 10 89 12 168 34 7 4 30 113 69 122 93 12 11 106 371 1143 1941 478 923 518 1605 146 24 313 337 1 3 0 1 4 1 1 0 0 8 0 0 9 3 611 0 0 0 7 0 1 8 0 0 476 34 7 18 1 52 12 69 39 1 1 2 0 2 4 0 2 8 8 1 8 3 3 0 4 0 46 6 2 48 1 2 12 7 35 1 1 0 3 21 23 59 22 10 17 44 86 87 148 122 148 32 441 29
26 77 0 10 284 1942 1405 255 2630 3 6 149 7 140 106 12 444 0 1349 0 3507 727 7 12 2 64 9 1 1 0 0 0 23 17 1 13 9 24 30 56 43 219 32 16 34 270 3 93 4 6 0 0 0 1 117 35 81 17 174 592 31 6 0 0 8 2 22 2 1 0 0 0 3 0 0 17 6 12 7 0 1 9 1 0 1 4 22 2 9 105 4 4 9 2 30 53 4 107 0 3 1 8 6 0 0 2 4 0 2 3 0 0 0 1 0 0 0 0 1 2 0 0 1 0 0 0 0 0 0 0 0 0 0 0 0 0 1 2 3 3 7 0 1 0 0 0 0 1 0 2 0 0 0 0 0 0 6 14 7 0 0 0
4 2 0 1 0 11 0 16 2458 1 2 537 4 4 287 1 1393 0 0 717 78 4313 17 140 168 10 2 0 0 4 0 0 88 58 5 21 2 2 3 4 0 7 1 2 0 7 0 4 0 2 1 1 0 3 614 35 1024 2 9 314 99 113 12 0 1 0 27 17 1 0 0 1 22 0 1 203 34 203 111 0 11 0 0 0 0 0 4 0 0 146 0 0 33 0 3 485 0 419 1 16 24 80 189 0 2 18 5 0 1 0 14 0 0 0 1 0 0 0 4 2 3 1 2 0 0 0 0 0 2 1 0 0 0 0 0 26 4 8 0 8 7 2 11 0 1 0 0 1 0 0 0 0 0 1 1 0 3 2 4 0 0 2
28 125 0 19 278 397 920 352 1251 3 9 357 38 211 1389 41 2093 3 3507 78 1355 1638 3174 711 51 392 90 1 0 2 0 0 73 41 2 6 7 44 10 71 38 296 38 25 40 324 1 121 9 16 0 0 0 3 2819 344 496 147 749 1860 188 48 6 1 12 1 27 8 0 0 0 0 10 0 0 63 81 117 60 2 2 10 3 0 2 4 14 3 11 277 2 5 46 3 30 255 11 441 0 14 9 62 109 0 2 15 10 0 5 6 7 0 0 3 0 0 1 1 3 4 0 0 1 0 0 0 0 0 2 0 0 0 0 0 0 22 2 8 2 1 7 0 3 0 0 1 0 1 0 0 0 0 0 1 0 0 10 15 8 0 0 0
44 54 4 14 28 56 112 256 2062 16 14 675 27 17 764 14 869 12 727 4313 1638 2874 828 9449 495 34 73 4 1 27 5 0 755 755 37 279 14 13 40 11 7 97 15 13 10 132 0 79 6 10 1 7 10 48 3091 196 2609 25 79 1632 238 162 16 1 13 9 59 22 10 18 0 1 478 3 4 6908 1120 5435 2149 2 375 8 2 3 5 9 86 30 17 2208 5 7 503 6 96 8219 6 6609 1 252 745 2007 8779 18 185 916 109 4 4 17 342 20 0 9 7 0 12 12 12 11 5 3 14 0 0 0 13 0 8 1 1 1 0 1 1 398 15 261 19 12 84 29 247 133 0 1 1 12 4 1 1 0 0 7 2 1 76 67 80 13 0 34
0 0 0 2 0 48 6 2 10 0 0 1 0 0 58 0 45 0 7 17 3174 828 1676 1395 9 1095 137 1 0 0 0 0 6 4 1 3 6 7 6 7 4 62 6 4 3 61 0 23 1 7 0 0 0 1 3644 145 203 26 158 520 68 4 1 0 3 0 2 0 0 0 0 0 1 0 0 4 10 15 9 0 0 0 0 0 0 0 0 1 0 16 0 0 5 0 1 35 0 42 0 3 5 11 50 0 2 4 1 0 0 0 0 0 0 0 0 0 0 0 0 0 0 0 0 0 0 0 0 0 0 0 0 0 0 0 0 3 1 1 1 1 0 1 2 1 0 0 0 1 0 0 0 0 0 0 0 0 0 2 0 0 0 0
9 13 1 6 5 16 24 39 403 9 3 12 6 7 109 5 59 2 12 140 711 9449 1395 2104 2897 54 96 0 2 6 0 0 130 234 4 52 19 8 6 10 2 43 3 7 3 44 1 24 3 3 0 1 5 18 8744 176 1275 49 39 1121 235 148 16 0 6 1 18 10 2 3 0 0 34 0 0 868 153 718 125 0 58 1 0 0 1 0 4 1 0 22 0 1 8 0 2 327 1 133 0 5 46 86 892 4 54 348 19 2 0 1 14 6 1 2 2 0 2 8 15 3 4 1 0 0 0 1 0 0 0 0 0 1 0 0 0 122 12 52 26 12 8 4 54 29 1 1 0 1 4 0 0 0 0 1 1 0 9 7 8 8 0 2
6 11 4 5 4 21 2 28 87 2 18 131 85 411 8726 25 832 10 2 168 51 495 9 2897 9583 9 124 77 152 1444 95 0 161 327 9 74 50 86 12 44 8 8 0 0 4 3 0 0 0 0 1 2 11 22 1378 1244 7033 366 141 188 61 8653 3807 19 0 4 20 16 2 5 0 0 100 5 1 2917 798 1288 357 8 124 8 10 0 10 19 23 6 11 188 6 5 43 5 15 2566 6 764 2 15 165 296 7052 26 597 4849 166 49 11 17 390 200 3 27 107 6 13 177 361 32 110 13 16 1 1 22 21 4 2 0 2 1 0 0 3 1599 235 885 403 229 59 39 1512 661 5 0 1 14 31 6 2 3 8 28 9 1 208 114 103 54 0 17
3 6 0 11 14 284 4 1 11 0 0 30 1 4 187 2 215 1 64 10 392 34 1095 54 9 616 1080 0 0 0 0 0 412 430 3 195 650 280 111 332 22 50 5 1 10 36 0 12 1 3 0 1 0 6 1494 96 154 610 591 287 43 19 2 3 2 1 33 20 8 3 0 2 7 0 0 23 7 202 125 0 1 0 0 0 0 0 0 0 0 12 0 0 1 0 0 11 0 7 1 0 1 4 11 0 2 9 1 1 0 1 0 0 0 0 0 0 0 2 1 0 0 0 0 0 0 0 0 0 0 0 0 0 0 0 0 11 1 8 1 3 0 0 6 5 0 0 0 0 0 0 0 0 1 0 0 0 1 1 2 0 1 0
2 8 0 30 29 344 7 1 0 1 1 2 1 2 9 7 10 0 9 2 90 73 137 96 124 1080 1631 0 0 0 0 0 279 941 6 87 456 520 67 399 15 33 2 2 12 23 0 3 1 2 0 0 0 7 3556 253 125 2991 926 128 13 36 4 1 0 0 8 10 1 3 0 1 0 0 0 29 19 240 20 0 5 1 0 0 0 0 1 0 0 3 0 0 0 0 1 8 0 1 0 0 1 1 139 4 23 131 11 2 0 0 0 2 0 3 3 0 0 8 8 0 2 0 0 0 0 0 1 0 0 0 1 0 0 0 0 87 8 25 18 6 1 3 14 13 1 0 0 0 0 0 0 0 1 0 0 0 1 21 2 0 0 0
365 26 1133 3 21 6 5 32 21 4 14 1 8927 64 38 229 4 1637 1 0 1 4 1 0 77 0 0 5011 3675 735 718 348 12 24 4 22 1 0 1 3 1 3 1 1 1 2 0 1 1 1 0 0 6 22 4 0 98 0 1 10 2 2398 486 30 0 0 15 37 10 16 35 32 35 32 48 287 653 266 65 613 7 1991 906 624 98 133 23 25 270 24 62 15 1 1283 25 10 1237 63 315 0 0 2 1 0 2 13 0 0 7106 783 126 157 22 17 8 3 10 0 1 3 5 4 2 0 1 1 1 0 2 0 0 0 0 1 1 3 2 5 0 0 1 0 298 25 7 1 1 4 17 11 5 4 40 3 6 12 253 490 145 28 144 2
5 2 14 0 5 4 2 15 15 6 10 1 2080 831 815 44 11 197 1 0 0 1 0 2 152 0 0 3675 2351 1265 898 351 6 6 2 2 0 1 0 1 1 3 0 1 0 1 0 0 2 1 0 0 13 6 4 0 206 0 0 8 0 3039 765 47 0 1 9 30 1 5 43 57 34 21 9 60 82 22 15 141 0 57 12 13 2 40 66 19 78 329 19 21 40 131 350 381 258 774 17 11 0 19 4 0 2 11 4 0 1117 1206 76 73 11 8 11 0 4 0 0 4 2 2 0 0 0 0 2 0 8 0 1 0 0 0 0 3 0 6 1 1 7 4 241 18 7 1 0 3 10 3 2 1 43 2 3 0 124 50 32 6 9 1
4 0 6 0 1 0 0 7 3 0 3 1 146 236 1900 7 19 52 0 4 2 27 0 6 1444 0 0 735 1265 1472 2317 848 1 1 1 3 0 2 1 1 1 1 1 0 0 0 0 3 0 0 0 1 20 17 43 0 682 5 1 72 18 5935 3051 56 0 2 34 77 3 6 77 56 62 47 4 61 29 11 3 59 1 4 6 5 1 3 3 2 3 101 0 1 21 10 71 718 11 420 4 8 6 7 133 0 11 230 9 0 143 339 529 212 12 0 1 0 2 4 4 1 2 0 0 0 0 0 1 0 2 0 1 0 0 0 0 19 4 24 7 1 1 2 381 75 7 0 2 5 16 2 7 2 51 0 0 0 14 9 3 0 4 1
4 4 4 1 1 0 0 2 0 0 3 1 146 26 74 6 1 52 0 0 0 5 0 0 95 0 0 718 898 2317 1590 1796 2 13 5 5 3 9 4 7 6 2 4 0 2 1 0 14 7 4 1 62 42 27 10 0 348 5 8 36 15 7217 369 631 2 21 82 435 47 59 512 681 144 68 5 109 38 14 16 49 6 6 12 6 3 4 3 2 1 6 1 0 0 19 8 15 15 10 10 0 0 0 38 0 10 222 10 2 184 135 324 1014 168 10 24 9 4 15 53 13 43 3 2 1 1 8 6 1 14 4 4 0 0 2 4 65 19 228 21 35 14 8 1794 83 161 0 4 5 265 33 34 50 492 10 14 2 50 4 23 11 4 3
1 2 7 0 0 0 0 1 1 0 0 0 102 22 7 3 0 35 0 0 0 0 0 0 0 0 0 348 351 848 1796 684 1 11 6 11 1 0 1 4 4 3 0 2 1 6 3 6 43 1 22 82 136 85 1 0 420 0 1 53 30 1818 4 1502 9 91 344 1756 306 1358 1957 1367 346 117 15 135 13 11 5 17 256 1 6 3 2 1 0 0 0 0 1 0 0 7 5 3 6 2 5 0 0 0 4 0 0 23 3 0 39 7 29 205 262 2 2 8 0 0 4 5 4 2 0 2 2 4 8 1 8 10 4 4 7 23 6 11 0 52 3 0 6 6 553 2 90 2 4 14 278 254 362 198 1171 5 31 2 23 4 6 5 1 58
437 2634 421 1785 1283 3933 49 321 133 29 152 177 626 504 786 469 1195 479 23 88 73 755 6 130 161 412 279 12 6 1 2 1 6737 3236 277 2447 138 441 715 467 479 428 56 27 255 462 0 112 53 22 4 76 1 288 745 33 504 238 286 574 37 105 12 7 22 80 364 162 330 288 28 20 3 13 42 168 61 963 45 45 40 12 3 7 0 4 8 4 14 42 3 3 4 2 11 55 25 68 6 3 3 9 67 0 10 35 1 1 9 2 2 2 0 2 3 0 0 2 5 0 2 2 0 0 0 3 3 0 3 0 1 0 0 0 1 10 3 50 1 5 5 3 69 6 6 0 1 2 4 9 6 1 5 2 15 0 16 4 11 6 1 0
603 872 248 773 538 596 73 672 88 58 160 81 979 282 251 819 446 381 17 58 41 755 4 234 327 430 941 24 6 1 13 11 3236 5418 403 3605 1507 3232 5899 1134 1086 524 65 84 381 490 11 240 215 73 30 172 8 360 2140 83 3296 1563 356 2491 385 618 10 78 59 316 2212 1295 1563 924 105 135 8 44 64 843 124 1056 124 58 114 16 8 3 2 8 6 4 18 31 6 2 4 11 5 48 33 28 14 1 4 5 135 1 24 149 10 7 16 7 2 8 2 12 18 6 5 16 25 8 17 5 1 0 1 5 7 2 8 3 1 1 3 0 3 111 26 254 21 29 15 15 170 13 13 0 0 9 50 34 30 1 24 7 40 2 41 14 33 22 5 2
16 103 50 11 6 7 4 9 7 0 1 1 10 8 21 13 25 179 1 5 2 37 1 4 9 3 6 4 2 1 5 6 277 403 841 405 4 15 220 7 52 14 476 10 133 20 767 72 62 144 56 59 2 1022 49 4 84 14 5 70 9 35 1 7 15 42 110 47 92 126 26 8 459 205 97 455 34 324 223 42 27 2 2 0 0 0 0 0 0 2 0 0 0 0 1 1 0 1 7 0 0 0 4 0 0 4 0 0 2 0 0 0 0 0 1 0 1 1 1 0 1 0 0 0 1 1 0 0 3 0 0 1 0 0 1 5 1 45 0 0 3 0 32 0 2 0 0 1 8 2 5 0 5 2 13 1 8 1 2 2 1 0
46 1138 174 38 35 453 7 29 26 3 14 32 74 49 165 45 213 1153 13 21 6 279 3 52 74 195 87 22 2 3 5 11 2447 3605 405 671 281 204 2441 201 236 75 4 4 44 67 3 24 35 25 14 18 1 399 448 30 376 104 67 299 43 80 5 13 9 35 255 181 188 119 23 17 603 172 507 513 53 977 532 157 16 0 2 6 0 0 2 0 2 9 0 1 0 0 1 15 2 14 19 1 0 2 26 0 2 15 0 0 3 1 0 1 0 0 0 1 0 2 6 0 3 3 0 0 0 0 1 1 2 0 1 0 1 0 1 12 3 14 6 3 1 4 14 4 1 0 0 3 6 6 5 0 5 2 4 0 15 3 2 4 2 1
5 5 1 39 38 196 16 11 6 1 2 2 3 4 4 4 6 0 9 2 7 14 6 19 50 650 456 1 0 0 3 1 138 1507 4 281 2081 3904 1236 3194 362 314 17 18 89 259 1 42 28 28 2 5 0 12 351 47 871 2081 523 752 115 164 3 17 8 11 353 248 52 19 6 11 4 1 0 18 11 140 15 0 10 1 1 0 0 0 2 0 2 5 1 2 1 0 0 2 1 1 1 0 0 1 66 0 21 116 13 4 0 0 0 10 0 4 14 1 1 13 26 6 15 2 0 0 0 2 2 0 1 0 0 0 0 0 0 107 20 63 29 24 5 4 43 10 1 0 0 1 6 0 3 0 1 3 6 0 10 4 6 6 0 3
14 73 2 116 147 193 102 59 50 1 6 5 23 10 6 17 17 5 24 2 44 13 7 8 86 280 520 0 1 2 9 0 441 3232 15 204 3904 6911 718 7257 988 6206 47 48 421 2105 2 150 21 23 3 3 0 10 183 79 1060 7433 5427 2443 105 271 6 15 31 14 369 200 38 15 6 7 7 1 0 140 39 351 59 2 6 3 3 0 1 3 3 0 4 18 0 1 3 0 1 2 1 3 3 0 0 7 86 1 40 313 28 9 0 2 0 12 0 4 27 1 4 41 94 10 26 4 7 0 0 6 5 0 0 1 0 0 0 0 2 343 58 191 94 82 18 4 156 24 2 0 0 4 11 4 0 0 1 14 9 0 42 36 22 19 0 5
31 311 27 81 36 177 9 44 13 2 7 17 39 20 44 26 72 22 30 3 10 40 6 6 12 111 67 1 0 1 4 1 715 5899 220 2441 1236 718 1749 1368 1674 178 18 21 402 130 2 35 38 25 6 21 3 1 69 12 412 255 104 528 52 82 2 18 9 55 439 268 285 141 25 15 0 4 2 99 11 137 34 3 10 0 0 2 0 0 0 0 0 3 0 0 0 1 0 2 1 2 0 0 0 3 11 0 2 18 2 0 0 0 1 0 0 1 3 0 0 1 9 2 6 1 0 0 0 2 0 0 2 2 0 0 1 0 0 12 5 33 6 9 3 4 22 4 2 0 1 2 4 5 5 1 3 2 12 0 5 0 1 2 0 0
30 171 6 196 376 322 326 185 140 4 4 11 34 14 12 16 37 2 56 4 71 11 7 10 44 332 399 3 1 1 7 4 467 1134 7 201 3194 7257 1368 8237 5555 13347 104 206 1988 8607 3 383 105 70 18 31 3 13 209 26 1302 1331 2945 3509 222 253 5 45 77 69 1650 870 364 133 31 61 5 4 0 49 10 290 28 2 26 0 0 0 1 2 4 1 2 9 2 1 1 1 2 0 0 2 0 0 0 3 16 1 15 128 9 3 0 0 0 5 0 8 14 3 1 19 40 7 21 3 2 0 0 3 1 1 1 3 1 0 1 0 1 148 38 133 47 53 9 5 68 18 2 0 0 3 5 7 10 1 10 7 12 1 31 9 11 9 0 1
106 238 49 204 310 212 258 186 98 8 19 8 118 31 7 87 31 21 43 0 38 7 4 2 8 22 15 1 1 1 6 4 479 1086 52 236 362 988 1674 5555 2692 5370 116 142 5045 2938 4 318 200 64 17 153 3 11 19 7 603 123 961 2378 128 173 3 61 70 293 2086 941 1545 943 95 103 5 10 2 258 23 199 53 7 110 1 1 1 1 2 1 0 1 6 3 0 0 3 1 1 4 4 4 0 0 1 3 0 6 35 2 1 2 0 0 4 0 5 12 6 1 6 21 3 13 3 1 0 0 7 4 2 5 3 2 3 1 0 0 42 9 120 8 19 2 9 130 10 10 0 3 3 33 35 24 6 21 6 30 2 21 3 20 13 1 1
100 279 25 272 685 617 814 473 584 19 19 26 80 35 17 53 83 18 219 7 296 97 62 43 8 50 33 3 3 1 2 3 428 524 14 75 314 6206 178 13347 5370 28557 375 589 2292 19510 23 1842 543 403 73 35 10 38 105 70 342 430 15260 39236 373 80 1 83 1384 285 14470 642 215 80 14 35 8 9 1 188 16 314 106 6 94 8 5 0 0 1 4 0 13 12 2 5 2 2 3 1 8 11 2 0 0 7 2 0 2 24 2 2 1 1 0 1 0 3 2 3 3 2 10 3 2 2 1 0 0 3 4 0 3 0 1 0 0 1 0 27 10 53 5 4 4 3 33 2 6 0 0 3 18 12 7 4 14 4 16 0 16 3 10 5 0 1
21 55 3 41 118 70 114 116 141 4 1 3 9 4 5 5 21 0 32 1 38 15 6 3 0 5 2 1 0 1 4 0 56 65 476 4 17 47 18 104 116 375 93 1049 556 2516 449 2495 156 249 9 57 1 33 18 6 98 19 192 963 20 47 0 9 131 106 730 81 311 229 13 13 4 3 0 18 1 37 17 0 36 0 1 0 0 0 1 0 0 2 0 1 0 0 2 1 0 1 0 1 0 0 0 0 0 4 0 0 0 0 0 1 1 2 4 4 2 0 1 2 2 1 1 0 0 2 4 2 3 1 1 0 0 0 0 2 1 78 1 1 1 7 49 3 9 0 1 4 15 9 3 0 6 8 14 3 8 1 7 5 0 2
15 49 2 15 56 35 81 96 148 1 2 1 5 3 2 5 10 3 16 2 25 13 4 7 0 1 2 1 1 0 0 2 27 84 10 4 18 48 21 206 142 589 1049 1254 832 8236 85 7265 1059 1630 61 50 13 54 35 10 44 9 105 1297 19 18 0 14 1003 602 3277 75 94 50 5 4 5 5 0 43 1 39 22 1 153 2 0 0 0 0 1 0 3 5 1 0 0 0 0 1 0 1 2 0 0 0 0 0 0 3 0 0 0 0 0 1 0 1 0 6 2 0 1 2 0 0 1 0 0 0 4 1 9 3 2 1 0 0 3 2 1 25 0 0 2 4 30 0 8 0 3 9 23 35 4 7 16 4 26 2 23 1 3 1 0 1
53 139 22 154 244 157 209 148 102 5 5 7 49 15 4 26 19 9 34 0 40 10 3 3 4 10 12 1 0 0 2 1 255 381 133 44 89 421 402 1988 5045 2292 556 832 2760 4236 33 1246 100 50 12 54 3 7 12 2 341 89 698 1666 58 74 0 24 63 126 1172 511 711 364 44 39 3 1 1 24 5 114 30 3 47 0 0 0 0 1 1 1 0 3 1 0 0 0 0 0 0 1 2 0 0 1 0 0 0 22 3 0 3 0 0 1 0 0 7 1 0 3 14 0 2 0 0 0 1 1 1 2 1 0 1 0 0 0 0 19 8 62 8 6 4 4 29 3 3 0 0 3 7 9 11 1 15 2 8 0 7 0 5 3 1 1
138 422 22 353 1017 664 1224 840 1016 37 17 36 56 52 27 44 118 10 270 7 324 132 61 44 3 36 23 2 1 0 1 6 462 490 20 67 259 2105 130 8607 2938 19510 2516 8236 4236 13923 167 14086 1693 1783 95 116 13 90 133 45 407 164 3298 13683 94 103 0 31 2514 755 7408 386 603 251 22 35 11 3 3 144 13 313 110 5 136 1 5 3 0 2 6 0 4 18 4 3 3 2 10 3 6 8 2 0 0 0 1 0 0 19 3 1 1 2 1 2 2 4 6 3 4 3 6 2 4 0 1 0 1 0 6 0 10 3 2 0 3 0 5 19 8 101 2 7 3 10 92 5 15 0 0 14 35 40 12 12 18 9 48 1 34 8 17 9 1 0
1 8 1 1 1 5 1 9 7 0 1 0 0 0 0 0 2 0 3 0 1 0 0 1 0 0 0 0 0 0 0 3 0 11 767 3 1 2 2 3 4 23 449 85 33 167 1054 1620 477 1135 37 23 2 271 2 1 7 0 4 87 0 4 0 0 58 47 239 17 45 46 1 2 82 54 24 12 2 5 3 0 53 0 0 0 0 0 0 0 0 0 0 0 0 0 0 0 0 0 0 0 0 0 0 0 0 0 0 0 0 0 0 0 0 0 0 0 0 0 0 0 0 0 0 0 0 0 0 0 0 0 0 0 0 0 0 0 0 3 1 0 0 1 7 0 2 0 0 0 1 2 1 0 0 0 2 0 3 0 0 1 0 0
62 167 15 62 255 166 391 362 595 16 11 15 19 16 6 19 19 5 93 4 121 79 23 24 0 12 3 1 0 3 14 6 112 240 72 24 42 150 35 383 318 1842 2495 7265 1246 14086 1620 13332 6163 10949 247 274 40 761 96 23 265 22 411 4625 51 108 0 50 2184 2162 9058 319 1071 640 30 40 48 25 2 145 4 141 79 2 2495 1 1 1 0 2 3 0 1 8 3 0 0 0 0 2 0 7 3 2 1 0 3 0 0 7 1 0 0 0 0 2 5 2 5 9 4 0 3 4 4 5 1 1 2 5 13 2 11 5 2 1 0 0 10 2 7 128 2 1 15 19 101 5 47 1 2 13 87 62 18 15 48 15 72 2 31 2 19 9 2 37
40 61 10 15 24 8 24 43 48 2 6 5 30 6 2 20 4 30 4 0 9 6 1 3 0 1 1 1 2 0 7 43 53 215 62 35 28 21 38 105 200 543 156 1059 100 1693 477 6163 9219 5205 2329 4342 596 1105 14 2 139 6 20 2365 57 115 0 180 1514 8273 18398 1327 5413 4766 535 280 149 204 11 256 12 161 96 5 32280 0 2 1 0 0 0 0 0 0 1 0 1 1 1 1 0 0 3 0 0 1 2 0 1 2 1 0 0 0 0 4 6 6 5 6 1 1 4 3 3 2 0 1 3 10 18 2 22 67 16 17 14 2 24 2 0 87 3 0 17 15 79 1 63 1 15 37 150 290 454 67 157 37 235 13 207 2 14 12 0 1591
21 26 8 15 38 17 48 57 86 5 4 1 8 6 2 6 3 4 6 2 16 10 7 3 0 3 2 1 1 0 4 1 22 73 144 25 28 23 25 70 64 403 249 1630 50 1783 1135 10949 5205 3839 614 227 40 2245 24 5 74 7 44 1468 28 42 0 32 2007 1795 6648 256 740 587 45 30 50 49 20 56 0 57 39 1 604 0 1 1 0 0 2 0 0 1 0 0 0 0 0 0 0 2 1 0 0 0 1 0 0 1 0 0 0 0 0 1 1 1 3 4 1 0 0 0 2 2 0 1 3 4 1 1 5 1 1 0 1 0 2 2 0 42 0 0 1 5 41 0 13 0 3 6 28 37 14 7 17 3 34 3 25 0 8 5 0 5
6 4 4 3 1 1 3 3 6 0 0 1 3 1 0 1 2 8 0 1 0 1 0 0 1 0 0 0 0 0 1 22 4 30 56 14 2 3 6 18 17 73 9 61 12 95 37 247 2329 614 1227 2648 1073 422 2 1 43 2 3 335 7 33 0 144 87 372 1568 599 687 2115 929 202 396 944 16 102 3 24 15 0 743 0 1 0 0 1 0 0 0 0 0 0 0 0 0 0 0 0 2 0 0 0 0 0 1 1 0 0 0 0 0 0 2 0 2 1 0 0 0 1 1 0 1 0 1 0 2 0 5 5 1 0 3 1 1 0 0 9 0 0 0 2 4 0 5 0 0 2 13 50 80 6 47 7 30 0 32 0 4 0 0 91
43 58 28 28 10 1 4 29 3 5 2 1 31 1 1 12 1 21 0 1 0 7 0 1 2 1 0 0 0 1 62 82 76 172 59 18 5 3 21 31 153 35 57 50 54 116 23 274 4342 227 2648 3287 386 311 2 0 106 0 3 240 22 266 0 528 245 3701 4342 2620 8715 10469 1549 1276 162 432 12 222 9 138 68 6 5731 0 2 0 0 1 1 0 2 0 0 0 0 0 1 0 0 1 2 0 0 0 1 0 0 0 0 0 0 0 1 5 9 3 3 2 0 0 0 3 0 1 1 0 3 0 3 1 9 24 2 4 7 0 8 0 0 12 0 0 3 8 103 0 33 1 9 24 77 348 236 55 253 16 142 6 138 1 5 4 1 172
1 0 1 0 0 0 0 1 0 0 0 0 3 0 0 0 0 2 0 0 0 10 0 5 11 0 0 6 13 20 42 136 1 8 2 1 0 0 3 3 3 10 1 13 3 13 2 40 596 40 1073 386 1331 364 19 2 120 2 3 86 5 129 1 252 15 97 228 464 175 2208 1417 222 240 431 6 40 0 11 16 1 6722 0 0 0 0 0 0 0 0 0 0 0 0 0 0 0 0 0 0 0 0 0 2 0 0 2 0 0 0 0 0 3 0 0 1 1 0 0 1 0 0 0 0 0 0 0 1 0 3 32 1 4 2 27 27 3 0 4 1 0 0 2 15 0 8 0 0 0 10 16 276 5 83 2 5 0 12 0 1 1 0 994
6 367 114 4 6 8 3 15 18 1 2 5 5 4 13 2 19 870 1 3 3 48 1 18 22 6 7 22 6 17 27 85 288 360 1022 399 12 10 1 13 11 38 33 54 7 90 271 761 1105 2245 422 311 364 2607 80 5 145 4 9 201 18 102 0 125 63 374 583 243 457 990 304 84 2552 1005 1128 472 30 309 309 76 6859 1 3 4 0 0 0 1 1 0 0 0 0 0 0 2 0 1 26 0 0 0 7 0 0 10 0 0 2 1 0 2 0 0 0 2 0 0 4 1 2 0 0 0 0 0 2 0 2 7 1 0 0 3 10 5 3 29 0 0 6 1 33 0 3 0 0 0 6 18 84 4 15 6 6 0 16 0 4 6 2 379
64 88 6 33 80 283 199 325 2465 37 20 166 62 62 389 40 465 13 117 614 2819 3091 3644 8744 1378 1494 3556 4 4 43 10 1 745 2140 49 448 351 183 69 209 19 105 18 35 12 133 2 96 14 24 2 2 19 80 6772 10446 4243 1841 1315 4448 782 418 78 2 19 6 128 39 11 15 0 2 140 1 0 2780 431 4434 540 2 279 9 9 0 5 13 25 6 12 115 2 5 28 3 10 310 6 208 5 9 24 86 1663 18 448 2779 158 56 0 3 24 61 10 36 96 2 13 218 428 45 131 13 8 0 0 13 20 0 3 1 1 0 0 0 3 2010 295 793 550 351 69 32 692 256 3 1 1 11 30 1 2 0 2 16 11 1 141 188 80 31 0 25
3 14 0 6 23 91 46 35 160 0 2 14 3 5 24 3 43 1 35 35 344 196 145 176 1244 96 253 0 0 0 0 0 33 83 4 30 47 79 12 26 7 70 6 10 2 45 1 23 2 5 1 0 2 5 10446 5758 9435 1683 7432 6161 3067 336 7 0 3 0 44 12 0 1 0 1 4 2 0 129 25 156 29 0 12 5 3 0 7 0 5 1 0 10 0 2 2 0 1 27 6 21 0 1 1 10 118 0 28 243 16 7 0 0 1 4 1 2 16 1 1 23 69 4 13 1 2 0 0 5 5 1 2 0 0 0 0 1 0 221 59 94 61 63 15 1 82 18 1 0 0 4 1 1 0 0 0 1 6 0 12 14 12 3 0 3
175 198 40 67 108 139 194 630 3426 66 83 708 175 584 1318 89 1936 88 81 1024 496 2609 203 1275 7033 154 125 98 206 682 348 420 504 3296 84 376 871 1060 412 1302 603 342 98 44 341 407 7 265 139 74 43 106 120 145 4243 9435 33847 1041 2068 16116 33310 22171 1651 4134 44 95 2064 3294 221 1733 1642 1510 365 306 29 5335 360 2818 1508 31 241 24 48 6 19 27 35 14 25 208 9 13 45 14 50 331 21 350 28 10 19 77 527 5 167 1996 130 39 37 51 89 295 50 105 238 111 32 181 593 122 338 69 28 13 23 89 102 20 121 22 46 17 21 4 45 1369 394 3082 381 466 173 190 5238 514 415 7 31 120 719 439 456 133 503 123 398 20 436 80 264 162 15 34
8 22 2 53 67 184 23 10 17 1 6 2 13 3 10 12 13 2 17 2 147 25 26 49 366 610 2991 0 0 5 5 0 238 1563 14 104 2081 7433 255 1331 123 430 19 9 89 164 0 22 6 7 2 0 2 4 1841 1683 1041 3668 5068 578 60 334 26 5 4 0 64 51 3 2 0 1 7 0 0 223 121 433 59 1 4 0 6 0 3 7 4 0 2 12 0 3 1 0 0 16 1 7 0 2 3 14 534 12 177 854 57 25 1 0 4 20 2 21 40 1 4 80 173 7 37 3 3 0 0 4 7 1 1 0 0 0 0 0 1 868 117 227 216 112 21 11 208 67 3 0 0 2 8 2 0 1 1 5 6 2 52 130 35 16 0 2
21 102 8 127 303 738 342 156 247 2 8 11 18 18 17 16 41 10 174 9 749 79 158 39 141 591 926 1 0 1 8 1 286 356 5 67 523 5427 104 2945 961 15260 192 105 698 3298 4 411 20 44 3 3 3 9 1315 7432 2068 5068 12675 15304 1006 343 12 6 81 8 429 65 23 6 0 2 5 8 1 424 86 130 56 2 7 2 11 0 3 5 3 3 10 37 4 0 1 0 2 3 2 14 0 0 0 8 79 1 62 474 46 14 0 0 1 13 0 11 42 5 5 79 189 20 43 5 8 0 0 17 7 0 2 0 1 0 0 0 0 583 130 334 159 163 28 14 210 60 1 0 0 3 7 4 0 1 1 22 25 7 71 55 41 23 2 2
396 642 63 291 862 1097 1826 2350 6822 226 115 375 162 189 165 105 501 89 592 314 1860 1632 520 1121 188 287 128 10 8 72 36 53 574 2491 70 299 752 2443 528 3509 2378 39236 963 1297 1666 13683 87 4625 2365 1468 335 240 86 201 4448 6161 16116 578 15304 39447 29436 922 15 704 3089 1435 15110 3921 508 261 106 235 198 103 19 2588 115 1856 1190 20 532 22 14 1 6 17 29 7 35 107 12 6 15 18 23 130 28 171 13 10 11 30 97 0 26 238 25 2 9 9 8 19 15 25 43 39 14 20 70 27 49 11 7 6 11 19 33 7 55 21 15 6 7 0 16 194 55 561 51 60 43 57 530 31 124 1 21 64 337 323 72 43 149 74 303 11 156 38 80 47 3 17
29 33 4 10 31 53 83 170 690 25 8 60 21 28 45 16 67 12 31 99 188 238 68 235 61 43 13 2 0 18 15 30 37 385 9 43 115 105 52 222 128 373 20 19 58 94 0 51 57 28 7 22 5 18 782 3067 33310 60 1006 29436 8917 1378 29 315 21 35 4907 2651 52 70 73 64 42 13 2 479 17 250 183 4 36 2 17 3 3 8 3 1 5 19 1 0 5 3 4 26 4 26 0 1 1 7 26 1 2 54 2 1 3 1 1 7 6 8 8 13 3 8 26 7 13 6 1 1 1 6 11 0 14 2 5 4 1 0 2 30 11 175 7 13 5 12 294 15 38 1 5 11 87 69 34 14 40 10 43 2 32 5 22 13 2 6
33 43 38 19 9 25 4 75 124 6 31 153 849 1016 2040 78 835 168 6 113 48 162 4 148 8653 19 36 2398 3039 5935 7217 1818 105 618 35 80 164 271 82 253 173 80 47 18 74 103 4 108 115 42 33 266 129 102 418 336 22171 334 343 922 1378 32337 7017 7820 11 137 1757 9813 1132 2528 2336 5052 282 312 12 1407 225 556 277 153 159 70 99 18 35 37 26 5 31 174 8 10 29 139 275 374 190 294 50 4 11 28 707 5 191 3888 119 38 710 780 1101 3415 477 113 257 104 64 182 544 142 414 72 28 14 22 112 115 30 148 66 45 19 63 19 60 1214 346 4749 321 402 167 231 24104 2887 2277 6 20 103 1465 380 1896 1430 4228 163 344 22 549 85 338 230 36 108
6 2 5 1 0 2 1 10 9 2 13 12 209 392 1066 9 129 34 0 12 6 16 1 16 3807 2 4 486 765 3051 369 4 12 10 1 5 3 6 2 5 3 1 0 0 0 0 0 0 0 0 0 0 1 0 78 7 1651 26 12 15 29 7017 1649 19 0 0 6 19 1 0 2 9 3 4 1 53 33 31 5 32 1 7 10 1 3 3 6 0 2 27 2 1 2 13 24 121 29 39 2 2 2 6 376 2 63 703 25 8 80 105 145 229 1 8 25 1 2 23 59 7 39 3 3 0 0 5 3 0 2 0 0 0 0 0 1 251 39 195 65 55 17 8 931 340 6 0 0 1 10 0 2 0 6 2 4 0 44 15 16 17 1 6
2 14 2 5 4 2 0 9 3 0 2 3 27 20 8 6 6 7 0 0 1 1 0 0 19 3 1 30 47 56 631 1502 7 78 7 13 17 15 18 45 61 83 9 14 24 31 0 50 180 32 144 528 252 125 2 0 4134 5 6 704 315 7820 19 5527 18 340 5944 11209 983 2700 5829 5215 434 504 4 406 4 49 43 3 204 4 14 3 2 6 1 0 1 4 0 0 2 5 4 2 5 2 2 0 0 0 4 0 1 21 0 0 23 25 15 122 145 9 12 15 2 3 13 10 12 7 6 1 5 9 20 1 38 20 14 8 18 3 19 14 5 166 0 7 21 24 1410 9 343 2 23 63 377 442 433 266 1846 24 165 2 132 5 25 16 1 24
12 21 3 9 22 15 36 47 71 4 2 1 7 2 0 6 6 4 8 1 12 13 3 6 0 2 0 0 0 0 2 9 22 59 15 9 8 31 9 77 70 1384 131 1003 63 2514 58 2184 1514 2007 87 245 15 63 19 3 44 4 81 3089 21 11 0 18 608 1130 6757 90 142 112 3 12 10 4 0 45 0 40 26 1 281 0 0 0 0 0 0 0 1 3 1 0 0 0 0 1 0 2 0 0 0 0 1 0 0 1 0 0 1 0 0 1 2 0 0 3 1 0 0 2 0 1 1 0 3 1 2 1 4 3 2 1 3 0 1 0 0 29 0 0 1 4 22 0 19 0 2 7 41 43 3 8 22 5 47 1 26 1 6 1 0 0
61 85 29 35 18 1 6 31 6 1 3 1 49 4 3 26 5 30 2 0 1 9 0 1 4 1 0 0 1 2 21 91 80 316 42 35 11 14 55 69 293 285 106 602 126 755 47 2162 8273 1795 372 3701 97 374 6 0 95 0 8 1435 35 137 0 340 1130 5304 22420 1495 12777 1799 366 178 85 122 14 354 14 243 144 9 21077 0 3 1 1 0 0 0 0 0 0 0 0 0 1 0 0 2 1 0 0 0 2 0 0 3 0 0 2 0 0 5 12 13 9 25 4 0 0 6 1 2 0 0 9 2 10 4 30 22 7 8 12 1 22 0 0 87 0 0 16 8 125 0 109 2 26 73 267 486 158 127 274 64 482 10 449 1 14 10 1 266
238 274 106 149 118 65 108 322 371 31 38 44 242 67 41 144 116 113 22 27 27 59 2 18 20 33 8 15 9 34 82 344 364 2212 110 255 353 369 439 1650 2086 14470 730 3277 1172 7408 239 9058 18398 6648 1568 4342 228 583 128 44 2064 64 429 15110 4907 1757 6 5944 6757 22420 23865 13483 16677 4140 868 1654 309 264 42 2435 89 1745 1249 20 9029 0 4 5 0 0 0 1 3 7 1 2 1 2 3 16 4 22 15 0 2 3 14 0 5 45 2 2 1 2 3 45 69 27 26 47 15 12 17 18 21 14 5 7 13 26 56 4 115 64 38 26 59 3 34 29 13 404 11 6 57 50 686 12 420 4 77 236 1040 1666 571 472 1218 180 1351 32 1088 5 88 36 8 122
96 121 49 63 36 17 17 104 111 13 11 32 115 63 49 66 73 69 2 17 8 22 0 10 16 20 10 37 30 77 435 1756 162 1295 47 181 248 200 268 870 941 642 81 75 511 386 17 319 1327 256 599 2620 464 243 39 12 3294 51 65 3921 2651 9813 19 11209 90 1495 13483 6211 9687 16561 8395 8515 634 896 28 2337 52 1067 885 23 2413 11 39 7 7 3 3 0 2 18 4 1 3 6 2 9 5 14 14 1 1 4 15 0 6 74 7 3 14 10 15 99 250 53 88 88 26 18 27 49 38 37 9 5 28 52 96 14 184 414 78 85 378 36 77 30 9 542 9 13 89 156 1986 17 1796 10 98 289 2271 2868 4371 2353 5368 180 1221 28 1142 18 136 81 6 345
237 299 118 213 82 10 7 160 9 19 30 3 205 29 5 150 29 122 1 1 0 10 0 2 2 8 1 10 1 3 47 306 330 1563 92 188 52 38 285 364 1545 215 311 94 711 603 45 1071 5413 740 687 8715 175 457 11 0 221 3 23 508 52 1132 1 983 142 12777 16677 9687 11168 17838 5991 4288 231 341 37 1295 73 1189 804 31 15058 0 6 5 4 2 0 0 0 1 0 0 0 6 0 1 2 0 14 1 0 0 0 0 0 2 0 0 7 3 0 10 56 9 27 20 9 0 1 12 9 10 1 3 8 16 35 8 73 344 60 32 194 15 40 0 0 148 1 2 23 40 508 0 956 4 55 139 841 1456 2585 890 1867 139 966 25 845 3 37 22 3 439
181 231 105 129 52 5 3 81 3 10 16 1 143 8 3 105 18 93 0 0 0 18 0 3 5 3 3 16 5 6 59 1358 288 924 126 119 19 15 141 133 943 80 229 50 364 251 46 640 4766 587 2115 10469 2208 990 15 1 1733 2 6 261 70 2528 0 2700 112 1799 4140 16561 17838 13976 9164 14249 422 890 37 1206 63 752 425 33 22151 7 29 3 9 5 4 0 0 2 0 2 1 9 0 0 11 2 8 0 0 0 9 0 0 5 0 0 7 6 15 34 160 31 31 48 13 1 3 13 5 18 9 4 15 13 40 6 102 767 105 75 477 57 138 5 0 94 0 0 15 33 751 2 481 8 84 175 743 4381 6697 1170 5613 144 759 26 762 6 60 34 4 3244
14 28 13 7 6 0 1 5 2 1 1 0 32 4 4 9 1 12 0 0 0 0 0 0 0 0 0 35 43 77 512 1957 28 105 26 23 6 6 25 31 95 14 13 5 44 22 1 30 535 45 929 1549 1417 304 0 0 1642 0 0 106 73 2336 2 5829 3 366 868 8395 5991 9164 3591 5929 755 1183 9 469 8 93 60 5 1195 0 6 1 3 3 0 0 0 1 0 0 0 0 3 1 0 1 0 0 0 0 0 0 1 5 0 0 8 6 4 50 59 3 5 20 7 0 1 4 8 5 1 0 1 5 8 1 16 104 15 14 88 23 13 0 0 45 0 0 6 8 611 0 577 1 12 40 289 534 1956 584 2174 27 184 4 208 1 13 8 0 144
10 20 10 14 3 1 0 7 3 0 2 0 19 9 0 12 3 11 0 1 0 1 0 0 0 2 1 32 57 56 681 1367 20 135 8 17 11 7 15 61 103 35 13 4 39 35 2 40 280 30 202 1276 222 84 2 1 1510 1 2 235 64 5052 9 5215 12 178 1654 8515 4288 14249 5929 3976 166 251 4 233 9 115 61 7 1405 14 43 4 24 11 3 1 1 4 3 0 0 5 3 1 8 2 10 0 0 0 5 0 5 16 3 2 13 12 26 100 316 33 40 59 16 1 8 27 28 29 2 5 5 32 36 13 84 644 73 74 473 60 55 7 4 129 0 2 34 77 1488 8 1650 11 42 70 1354 1783 5398 2166 5035 71 316 6 318 13 64 48 10 897
16 24 16 1 0 1 4 14 9 4 4 18 21 11 99 15 105 106 3 22 10 478 1 34 100 7 0 35 34 62 144 346 3 8 459 603 4 7 0 5 5 8 4 5 3 11 82 48 149 50 396 162 240 2552 140 4 365 7 5 198 42 282 3 434 10 85 309 634 231 422 755 166 917 3482 1196 1586 187 37 173 15 364 1 4 3 0 0 0 0 1 3 0 0 0 1 1 6 1 6 17 0 0 2 16 0 4 24 2 0 3 1 3 5 1 2 1 6 0 2 11 7 3 2 1 0 0 1 1 0 4 7 1 0 2 0 14 12 3 49 2 2 6 4 54 2 7 0 3 6 20 38 34 2 40 23 40 5 53 6 4 4 2 152
48 57 44 4 3 0 0 28 4 6 3 6 63 3 9 34 25 371 0 0 0 3 0 0 5 0 0 32 21 47 68 117 13 44 205 172 1 1 4 4 10 9 3 5 1 3 54 25 204 49 944 432 431 1005 1 2 306 0 8 103 13 312 4 504 4 122 264 896 341 890 1183 251 3482 2682 593 2778 222 37 23 80 96 7 22 12 9 2 3 1 4 1 0 1 1 2 0 1 1 5 59 0 0 0 9 0 2 31 3 2 6 2 0 7 3 9 12 24 11 4 14 7 19 6 4 3 5 11 16 2 29 21 11 7 13 0 15 16 15 350 5 9 21 30 255 9 52 2 17 66 177 425 163 108 256 98 462 25 587 8 39 16 16 9
11 706 491 2 0 1 0 11 3 1 0 2 16 5 9 7 7 1143 0 1 0 4 0 0 1 0 0 48 9 4 5 15 42 64 97 507 0 0 2 0 2 1 0 0 1 3 24 2 11 20 16 12 6 1128 0 0 29 0 1 19 2 12 1 4 0 14 42 28 37 37 9 4 1196 593 1127 1327 109 156 232 99 16 1 26 25 1 0 0 0 0 0 0 1 0 0 0 0 0 0 67 0 0 0 0 0 0 7 1 0 8 0 0 0 0 2 0 3 1 0 1 1 1 0 0 0 0 0 1 1 2 2 0 0 0 0 4 2 0 23 0 1 1 0 14 1 2 0 0 2 8 11 6 1 1 13 7 6 30 4 4 2 12 17
3672 2558 792 565 376 50 129 2552 384 258 317 558 4110 1099 2057 2246 2979 1941 17 203 63 6908 4 868 2917 23 29 287 60 61 109 135 168 843 455 513 18 140 99 49 258 188 18 43 24 144 12 145 256 56 102 222 40 472 2780 129 5335 223 424 2588 479 1407 53 406 45 354 2435 2337 1295 1206 469 233 1586 2778 1327 12741 9678 1189 987 388 1675 96 104 73 26 56 20 17 123 75 19 12 10 135 38 116 198 135 121 1 3 20 229 3 29 265 12 6 125 24 9 39 4 22 33 15 18 29 95 18 49 5 3 2 2 8 9 3 12 12 8 2 3 0 8 218 68 394 62 62 42 17 332 43 39 2 6 26 82 114 95 36 109 34 134 25 1367 124 48 30 45 122
2120 1416 2943 144 142 12 69 1550 377 143 107 81 2991 75 379 1138 373 478 6 34 81 1120 10 153 798 7 19 653 82 29 38 13 61 124 34 53 11 39 11 10 23 16 1 1 5 13 2 4 12 0 3 9 0 30 431 25 360 121 86 115 17 225 33 4 0 14 89 52 73 63 8 9 187 222 109 9678 6055 1726 477 1046 115 140 170 337 11 28 6 10 52 9 4 5 0 144 4 12 93 17 70 1 3 2 19 0 1 36 0 1 340 10 2 5 0 4 2 3 2 3 5 2 5 0 0 0 0 0 1 1 0 1 0 1 0 0 4 22 9 29 14 8 6 1 28 5 1 0 1 5 5 2 5 0 2 5 7 2 62 182 58 5 75 25
3432 4141 4052 774 399 172 65 1124 198 131 218 233 2482 630 1383 1234 1716 923 12 203 117 5435 15 718 1288 202 240 266 22 11 14 11 963 1056 324 977 140 351 137 290 199 314 37 39 114 313 5 141 161 57 24 138 11 309 4434 156 2818 433 130 1856 250 556 31 49 40 243 1745 1067 1189 752 93 115 37 37 156 1189 1726 2509 491 881 156 45 44 100 8 22 19 10 61 83 8 5 11 77 23 129 74 120 42 5 11 37 396 1 39 206 13 2 79 9 5 10 1 8 13 3 5 8 33 6 19 3 3 0 3 6 13 1 12 5 1 0 1 0 4 85 25 189 21 22 18 16 168 21 14 0 2 4 50 38 21 7 23 7 33 8 68 38 43 11 13 13
509 416 331 121 62 55 13 273 40 48 36 39 531 60 319 298 391 518 7 111 60 2149 9 125 357 125 20 65 15 3 16 5 45 124 223 532 15 59 34 28 53 106 17 22 30 110 3 79 96 39 15 68 16 309 540 29 1508 59 56 1190 183 277 5 43 26 144 1249 885 804 425 60 61 173 23 232 987 477 491 47 93 230 10 24 22 0 3 2 1 10 14 0 1 3 8 1 37 17 27 41 2 8 5 71 0 3 46 2 0 23 1 1 5 0 7 9 15 7 3 10 5 11 5 3 3 0 5 4 1 4 4 4 0 4 0 13 29 11 120 13 13 10 7 100 9 3 1 8 15 26 36 30 7 16 11 17 10 51 18 33 22 24 53
13 436 1830 1 0 0 1 1 2 0 0 0 18 1 4 2 0 1605 0 0 2 2 0 0 8 0 0 613 141 59 49 17 45 58 42 157 0 2 3 2 7 6 0 1 3 5 0 2 5 1 0 6 1 76 2 0 31 1 2 20 4 153 32 3 1 9 20 23 31 33 5 7 15 80 99 388 1046 881 93 611 18 15 93 173 0 1 0 0 1 2 0 0 0 4 0 0 1 0 211 0 0 0 0 0 1 2 0 0 122 14 0 8 1 5 4 39 27 0 0 2 2 5 6 2 2 5 15 6 5 5 2 2 4 0 18 7 2 12 0 2 14 2 23 0 5 0 7 32 18 46 18 12 20 6 28 23 65 101 101 27 259 8
41 39 33 20 7 0 1 27 9 10 7 9 33 9 22 18 37 146 1 11 2 375 0 58 124 1 5 7 0 1 6 256 40 114 27 16 10 6 10 26 110 94 36 153 47 136 53 2495 32280 604 743 5731 6722 6859 279 12 241 4 7 532 36 159 1 204 281 21077 9029 2413 15058 22151 1195 1405 364 96 16 1675 115 156 230 18 236329 10 12 5 2 4 0 1 3 9 1 0 2 3 2 18 11 38 13 0 4 4 97 0 3 25 4 0 5 0 0 2 14 9 4 7 2 2 3 1 3 1 0 0 0 1 5 3 61 1418 64 231 49 1361 1929 26 5 41 1 2 6 10 49 1 34 1 18 49 106 718 4032 61 522 143 117 25 468 39 18 104 1 48274
2338 612 1632 48 301 29 114 1143 673 155 127 42 4617 217 49 1046 118 24 9 0 10 8 0 1 8 0 1 1991 57 4 6 1 12 16 2 0 1 3 0 0 1 8 0 2 0 1 0 1 0 0 0 0 0 1 9 5 24 0 2 22 2 70 7 4 0 0 0 11 0 7 0 14 1 7 1 96 140 45 10 15 10 19215 17499 2717 1282 619 101 625 9539 524 6865 344 35 3577 146 48 12170 559 46 35 4 111 109 0 22 32 35 7 2381 233 95 103 27 412 478 235 188 19 64 133 164 247 288 30 38 187 353 35 127 23 37 4 26 2 21 94 41 148 19 58 636 47 289 57 27 10 46 257 180 410 107 23 127 29 67 10 4562 6930 5300 966 110 30
1058 345 1659 34 90 12 45 344 199 41 24 16 1543 47 15 322 33 313 1 0 3 2 0 0 10 0 0 906 12 6 12 6 3 8 2 2 1 3 0 0 1 5 1 0 0 5 0 1 2 1 1 2 0 3 9 3 48 6 11 14 17 99 10 14 0 3 4 39 6 29 6 43 4 22 26 104 170 44 24 93 12 17499 50515 8461 9965 5945 948 1292 4904 125 1631 28 23 761 15 28 1265 185 1518 26 11 52 182 1 25 62 84 33 662 27 9 68 15 8523 3473 2570 3825 61 246 2637 226 891 304 114 31 518 476 137 142 84 46 15 87 1 873 211 66 269 59 187 703 61 140 5 64 18 117 814 407 1296 383 121 353 50 114 658 4644 7049 12627 1718 1766 60
551 332 2378 9 34 1 9 74 18 16 6 1 674 6 1 101 3 337 0 0 0 3 0 0 0 0 0 624 13 5 6 3 7 3 0 6 0 0 2 0 1 0 0 0 0 3 0 1 1 1 0 0 0 4 0 0 6 0 0 1 3 18 1 3 0 1 5 7 5 3 1 4 3 12 25 73 337 100 22 173 5 2717 8461 2467 20 12 1 2 22 2 7 4 2 1131 10 1 751 17 1217 0 0 3 8 0 1 5 0 0 2354 46 13 16 4 508 159 375 268 1 2 57 12 68 17 12 3 24 19 10 8 6 1 0 7 0 113 10 0 8 0 6 20 6 38 5 7 0 6 51 23 99 32 8 35 17 33 202 379 2552 1725 143 1989 10
109 30 29 3 42 3 16 162 104 23 12 6 397 36 12 126 17 1 1 0 2 5 0 1 10 0 0 98 2 1 3 2 0 2 0 0 0 1 0 1 1 0 0 0 0 0 0 0 0 0 0 0 0 0 5 7 19 3 3 6 3 35 3 2 0 1 0 7 4 9 3 24 0 9 1 26 11 8 0 0 2 1282 9965 20 2785 7892 1551 973 1462 87 305 29 16 39 12 27 292 179 3 14 7 65 149 1 25 43 130 36 46 2 0 20 0 6621 1077 151 634 39 197 465 153 216 200 24 17 167 210 20 67 26 24 3 28 0 7 165 84 162 70 227 600 41 68 5 21 2 32 265 184 424 115 28 95 13 34 6 2496 1872 3055 508 11 21
66 7 8 4 98 15 58 440 507 82 94 39 883 286 43 325 108 3 4 0 4 9 0 0 19 0 0 133 40 3 4 1 4 8 0 0 0 3 0 2 2 1 0 0 1 2 0 2 0 0 1 1 0 0 13 0 27 7 5 17 8 37 3 6 0 0 0 3 2 5 3 11 0 2 0 56 28 22 3 1 4 619 5945 12 7892 10453 7925 7498 3783 553 387 191 74 114 84 34 1020 848 4 461 11 1024 182 11 36 61 410 64 66 20 2 10 0 10096 2135 116 1322 95 374 1701 448 460 662 32 40 283 731 32 196 28 36 8 19 0 19 429 260 224 111 527 1989 100 66 9 22 7 37 306 175 325 67 17 89 9 20 6 1727 895 1820 302 2 16
4 2 0 1 15 25 8 82 952 28 24 138 243 670 345 63 373 0 22 4 14 86 0 4 23 0 1 23 66 3 3 0 8 6 0 2 2 3 0 4 1 4 1 1 1 6 0 3 0 2 0 1 0 0 25 5 35 4 3 29 3 26 6 1 0 0 0 3 0 4 0 3 0 3 0 20 6 19 2 0 0 101 948 1 1551 7925 4273 3358 1150 1700 42 215 385 40 216 194 233 2583 0 3356 15 3268 207 101 82 46 2160 716 12 27 3 6 1 10246 2368 41 2078 643 569 2744 434 187 214 16 10 152 283 14 81 3 19 2 3 0 12 608 260 197 340 465 968 84 60 5 23 9 18 130 79 143 10 4 37 7 1 0 265 190 654 55 0 4
9 3 0 1 16 5 12 141 216 18 23 21 254 116 63 71 73 1 2 0 3 30 1 1 6 0 0 25 19 2 2 0 4 4 0 0 0 0 0 1 0 0 0 0 1 0 0 0 0 0 0 0 0 1 6 1 14 0 3 7 1 5 0 0 0 0 1 0 0 0 0 1 0 1 0 17 10 10 1 0 1 625 1292 2 973 7498 3358 6396 11725 4316 924 50 18 15 23 4 154 153 0 2619 0 2352 85 7 21 8 141 1 11 6 0 2 0 118 38 23 47 9 56 51 198 75 449 25 33 107 508 22 146 1 48 3 1 0 9 273 165 146 17 159 1535 90 7 0 0 5 11 108 20 32 0 1 3 1 1 0 207 164 80 20 2 0
142 40 19 5 131 41 87 962 1288 151 183 83 1878 654 93 638 230 4 9 0 11 17 0 0 11 0 0 270 78 3 1 0 14 18 0 2 2 4 0 2 1 13 0 3 0 4 0 1 0 0 0 2 0 1 12 0 25 2 10 35 5 31 2 1 1 0 3 2 0 0 0 1 1 4 0 123 52 61 10 1 3 9539 4904 22 1462 3783 1150 11725 16965 5158 22557 2045 274 143 145 38 5756 1572 3 593 6 898 142 2 42 30 68 3 100 26 5 13 3 189 141 41 70 4 70 69 273 131 658 32 78 173 979 51 369 14 71 10 4 0 31 355 156 347 18 181 2036 148 61 3 8 13 51 248 58 78 10 4 15 14 20 3 1523 1299 781 184 2 5
8 4 3 1 19 73 10 157 3725 51 72 446 560 1174 3428 142 1747 1 105 146 277 2208 16 22 188 12 3 24 329 101 6 0 42 31 2 9 5 18 3 9 6 12 2 5 3 18 0 8 0 1 0 0 0 0 115 10 208 12 37 107 19 174 27 4 3 0 7 18 1 2 1 4 3 1 0 75 9 83 14 2 9 524 125 2 87 553 1700 4316 5158 7207 4257 6072 4006 33 141 75 331 2985 2 5060 1551 2619 2588 19 630 126 389 5 8 31 11 4 1 344 190 64 217 21 75 215 333 127 1142 58 209 187 1795 95 1029 45 291 26 5 0 100 3806 768 2393 16 291 6611 967 106 3 11 60 128 815 161 158 5 5 20 25 11 3 1670 1072 937 111 3 20
31 9 8 1 31 6 21 172 325 35 40 20 460 132 34 140 51 1 4 0 2 5 0 0 6 0 0 62 19 0 1 1 3 6 0 0 1 0 0 2 3 2 0 1 1 4 0 3 1 0 0 0 0 0 2 0 9 0 4 12 1 8 2 0 1 0 1 4 0 0 0 3 0 0 0 19 4 8 0 0 1 6865 1631 7 305 387 42 924 22557 4257 6253 2862 218 37 36 7 4626 636 1 47 0 61 40 0 16 5 6 0 19 4 0 3 0 50 36 9 12 1 12 14 59 24 144 4 21 42 211 8 92 4 33 4 2 1 10 106 32 84 1 28 456 36 13 0 2 3 13 62 14 29 2 1 5 2 9 2 366 281 191 35 1 0
8 2 2 1 4 14 3 78 299 19 25 22 270 224 39 71 57 0 4 0 5 7 0 1 5 0 0 15 21 1 0 0 3 2 0 1 2 1 0 1 0 5 1 0 0 3 0 0 0 0 0 0 0 0 5 2 13 3 0 6 0 10 1 0 0 0 2 1 0 2 0 0 0 1 1 12 5 5 1 0 0 344 28 4 29 191 215 50 2045 6072 2862 1971 1092 35 43 6 2471 2905 2 21 14 18 74 0 13 16 15 0 7 12 1 1 1 175 101 10 36 4 13 35 31 16 36 4 9 20 85 5 56 2 10 2 1 0 8 112 18 128 4 21 246 31 20 5 5 3 8 48 21 25 6 3 3 3 5 1 585 129 323 34 1 2
0 0 0 0 1 0 0 1 328 0 0 36 6 40 613 2 190 0 9 33 46 503 5 8 43 1 0 1 40 21 0 0 4 4 0 0 1 3 0 1 0 2 0 0 0 3 0 0 1 0 0 0 0 0 28 2 45 1 1 15 5 29 2 2 0 0 1 3 0 1 0 0 0 1 0 10 0 11 3 0 2 35 23 2 16 74 385 18 274 4006 218 1092 1738 2 3 114 28 3856 0 72 1360 170 1385 1 49 126 123 2 1 1 5 1 0 98 55 5 70 1 3 59 8 6 22 1 6 5 45 1 47 1 9 3 1 1 2 305 33 429 2 5 261 72 96 14 3 6 1 69 25 16 3 1 2 24 1 0 927 76 583 69 0 22
693 122 823 8 131 16 56 628 314 81 96 15 2986 214 13 579 40 8 2 0 3 6 0 0 5 0 0 1283 131 10 19 7 2 11 0 0 0 0 1 1 3 2 0 0 0 2 0 0 1 0 0 0 0 0 3 0 14 0 0 18 3 139 13 5 0 0 2 6 6 9 0 5 1 2 0 135 144 77 8 4 3 3577 761 1131 39 114 40 15 143 33 37 35 2 1936 845 39 6319 917 18 3 1 1 9 0 0 35 3 0 7125 1090 261 251 43 59 59 11 25 1 6 12 6 13 11 1 0 11 11 3 4 1 1 0 2 1 1 7 1 19 2 7 11 2 530 100 12 0 1 20 53 34 13 8 29 8 22 2 891 1173 531 99 18 4
3 1 1 0 2 44 6 21 1204 20 18 215 222 1021 909 38 657 0 30 3 30 96 1 2 15 0 1 25 350 71 8 5 11 5 1 1 0 1 0 2 1 3 2 0 0 10 0 0 1 0 0 1 0 0 10 1 50 0 2 23 4 275 24 4 0 1 3 2 0 0 3 3 1 0 0 38 4 23 1 0 2 146 15 10 12 84 216 23 145 141 36 43 3 845 238 469 730 698 1 12 2 21 12 0 2 139 9 3 504 2429 383 204 39 70 32 1 10 0 0 21 3 2 4 1 2 5 5 0 1 0 1 0 1 0 4 17 4 77 1 3 18 4 838 403 8 0 2 1 59 6 6 6 24 4 7 1 324 95 129 6 0 1
0 1 0 0 0 22 1 6 1607 4 4 187 21 251 7218 2 1792 0 53 485 255 8219 35 327 2566 11 8 10 381 718 15 3 55 48 1 15 2 2 2 0 1 1 1 1 0 3 0 2 1 0 0 0 0 2 310 27 331 16 3 130 26 374 121 2 1 0 16 9 1 0 1 1 6 1 0 116 12 129 37 0 18 48 28 1 27 34 194 4 38 75 7 6 114 39 469 1605 83 935 3 37 185 137 1013 3 59 3256 104 2 72 1058 2936 76 3 115 65 6 38 4 6 26 3 0 3 0 1 2 1 0 2 0 1 0 1 0 1 28 11 632 5 2 29 20 983 579 3 0 1 15 22 6 3 2 3 82 3 5 1267 211 901 240 1 42
822 184 463 19 285 31 162 1639 1151 224 279 34 5009 585 65 1363 158 9 4 0 11 6 0 1 6 0 0 1237 258 11 15 6 25 33 0 2 1 1 1 0 4 8 0 0 0 6 0 0 0 0 0 0 0 0 6 6 21 1 2 28 4 190 29 5 0 0 4 5 2 11 0 8 1 1 0 198 93 74 17 1 11 12170 1265 751 292 1020 233 154 5756 331 4626 2471 28 6319 730 83 13412 2806 13 3 2 18 71 1 11 62 27 12 4032 773 291 308 76 728 420 29 155 15 62 112 46 70 61 4 7 41 83 7 32 8 8 0 11 2 9 74 18 113 20 43 169 15 707 175 24 4 6 114 135 158 49 19 70 35 56 8 4467 2846 2786 510 17 12
12 3 5 2 22 72 9 170 4065 73 71 433 886 1922 7155 192 2511 3 107 419 441 6609 42 133 764 7 1 63 774 420 10 2 68 28 1 14 1 3 2 2 4 11 1 1 1 8 0 7 0 2 0 1 0 1 208 21 350 7 14 171 26 294 39 2 2 2 22 14 0 2 1 2 6 5 0 135 17 120 27 0 38 559 185 17 179 848 2583 153 1572 2985 636 2905 3856 917 698 935 2806 5639 3 297 1776 923 2252 2 83 599 701 15 261 305 312 64 19 983 556 41 406 28 43 340 48 56 58 3 8 35 88 8 77 9 17 6 1 0 17 389 79 1242 18 49 524 134 700 235 14 13 15 212 119 82 13 6 21 200 43 21 7472 971 4010 681 0 109
5 96 380 0 1 0 0 3 0 0 0 0 7 2 0 4 1 611 0 1 0 1 0 0 2 1 0 315 17 4 10 5 6 14 7 19 1 3 0 0 4 2 0 2 2 2 0 3 3 1 2 2 0 26 5 0 28 0 0 13 0 50 2 2 0 1 15 14 14 8 0 10 17 59 67 121 70 42 41 211 13 46 1518 1217 3 4 0 0 3 2 1 2 0 18 1 3 13 3 893 0 1 0 42 0 6 21 2 0 1776 184 65 67 8 322 40 197 241 1 1 9 5 9 12 6 4 9 14 10 12 6 5 1 8 0 261 24 6 48 3 3 43 10 100 8 24 2 9 77 58 151 24 8 44 103 160 469 729 803 673 155 1611 27
1 1 0 0 3 3 0 4 176 0 1 23 9 53 169 4 92 0 3 16 14 252 3 5 15 0 0 0 11 8 0 0 3 1 0 1 0 0 0 0 0 0 1 0 0 0 0 2 0 0 0 0 0 0 9 1 10 2 0 10 1 4 2 0 0 0 0 1 1 0 0 0 0 0 0 1 1 5 2 0 0 35 26 0 14 461 3356 2619 593 5060 47 21 72 3 12 37 3 297 0 3547 42 7019 651 28 64 2 987 11 0 2 0 0 0 50 22 2 103 4 10 141 25 11 106 3 8 15 107 5 47 0 8 0 0 0 4 337 97 90 14 59 636 52 4 0 1 0 5 21 2 6 1 0 1 2 0 0 15 121 23 6 1 1
0 0 0 0 0 1 0 1 15 0 0 0 0 1 190 0 50 0 1 24 9 745 5 46 165 1 1 0 0 6 0 0 3 4 0 0 0 0 0 0 0 0 0 0 0 0 0 1 0 0 0 0 0 0 24 1 19 3 0 11 1 11 2 0 0 0 2 1 0 0 0 0 0 0 0 3 3 11 8 0 4 4 11 0 7 11 15 0 6 1551 0 14 1360 1 2 185 2 1776 1 42 1141 115 5079 2 127 45 13 0 1 0 13 0 0 30 43 1 10 0 0 3 3 1 3 0 1 0 8 0 7 2 3 0 0 0 2 222 20 154 2 3 81 20 18 5 0 2 1 17 6 5 0 0 0 49 1 0 299 32 407 132 1 13
1 0 0 0 0 1 2 7 246 3 0 38 18 107 587 6 216 0 8 80 62 2007 11 86 296 4 1 2 19 7 0 0 9 5 0 2 1 7 3 3 1 7 0 0 1 0 0 0 1 0 0 0 0 0 86 10 77 14 8 30 7 28 6 0 0 0 3 4 0 0 0 0 2 0 0 20 2 37 5 0 4 111 52 3 65 1024 3268 2352 898 2619 61 18 170 1 21 137 18 923 0 7019 115 6302 3320 3645 3211 22 4159 37 1 3 2 0 0 106 40 5 143 37 37 208 92 29 371 9 32 38 329 9 116 1 32 4 0 0 13 6312 1147 673 123 493 2582 423 18 2 1 7 14 97 17 10 1 1 2 16 1 2 92 623 226 56 0 3
3 2 3 3 1 2 3 3 72 2 3 9 15 12 1932 1 295 7 6 189 109 8779 50 892 7052 11 139 1 4 133 38 4 67 135 4 26 66 86 11 16 3 2 0 0 0 1 0 3 2 1 0 1 2 7 1663 118 527 534 79 97 26 707 376 4 1 2 14 15 0 9 0 5 16 9 0 229 19 396 71 0 97 109 182 8 149 182 207 85 142 2588 40 74 1385 9 12 1013 71 2252 42 651 5079 3320 7296 372 13826 3225 393 49 4 5 157 16 0 597 425 31 64 40 74 45 78 21 197 4 42 32 298 18 208 14 67 12 3 0 32 8679 636 3052 93 72 2083 546 658 204 12 13 31 269 55 50 17 1 13 1205 6 31 6380 1115 7708 2735 3 604
0 0 0 0 0 0 0 0 2 0 0 0 0 1 3 0 2 0 0 0 0 18 0 4 26 0 4 0 0 0 0 0 0 1 0 0 0 1 0 1 0 0 0 0 0 0 0 0 0 0 0 0 0 0 18 0 5 12 1 0 1 5 2 0 0 0 0 0 0 0 0 0 0 0 0 3 0 1 0 0 0 0 1 0 1 11 101 7 2 19 0 0 1 0 0 3 1 2 0 28 2 3645 372 668 1255 3 1025 32 0 0 0 0 0 6 13 0 5 10 7 11 13 0 16 0 1 2 7 0 12 0 1 1 0 0 0 4602 411 61 116 205 184 43 5 0 1 1 1 4 1 2 0 0 0 3 0 0 2 9 18 1 0 0
1 1 0 1 2 2 2 1 5 0 0 2 2 2 36 1 4 1 0 2 2 185 2 54 597 2 23 2 2 11 10 0 10 24 0 2 21 40 2 15 6 2 0 0 0 0 0 0 1 0 1 0 0 0 448 28 167 177 62 26 2 191 63 1 0 0 5 6 0 0 1 5 4 2 0 29 1 39 3 1 3 22 25 1 25 36 82 21 42 630 16 13 49 0 2 59 11 83 6 64 127 3211 13826 1255 3319 2446 405 13 1 2 15 6 0 111 123 7 16 29 38 13 21 2 28 2 4 3 66 3 50 2 12 2 0 0 8 13426 564 924 59 57 360 127 127 37 0 1 9 40 7 10 4 1 4 112 0 1 692 71 746 201 0 71
1 4 1 6 7 9 6 11 88 5 3 11 12 19 534 2 33 8 2 18 15 916 4 348 4849 9 131 13 11 230 222 23 35 149 4 15 116 313 18 128 35 24 4 3 22 19 0 7 2 1 1 0 2 10 2779 243 1996 854 474 238 54 3888 703 21 1 3 45 74 2 5 5 16 24 31 7 265 36 206 46 2 25 32 62 5 43 61 46 8 30 126 5 16 126 35 139 3256 62 599 21 2 45 22 3225 3 2446 9350 160 39 45 166 2001 228 1 262 458 29 29 147 254 41 60 9 13 1 2 8 16 1 15 3 7 3 0 0 9 1061 1814 6572 312 230 161 110 7417 7613 9 3 0 37 30 12 7 1 9 226 4 1 2433 203 1325 475 2 258
0 0 0 0 0 2 0 2 92 1 1 17 3 26 77 1 38 0 4 5 10 109 1 19 166 1 11 0 4 9 10 3 1 10 0 0 13 28 2 9 2 2 0 0 3 3 0 1 1 0 0 0 0 0 158 16 130 57 46 25 2 119 25 0 0 0 2 7 0 0 0 3 2 3 1 12 0 13 2 0 4 35 84 0 130 410 2160 141 68 389 6 15 123 3 9 104 27 701 2 987 13 4159 393 1025 405 160 3509 2072 2 0 12 12 0 905 1002 8 661 1548 1901 1262 1442 79 144 4 9 86 149 6 43 4 11 1 0 0 2 6647 2638 302 3281 2768 782 93 107 7 27 6 4 104 135 60 5 6 22 31 0 2 118 74 858 141 0 10
1 0 0 0 0 1 1 1 3 0 0 0 1 1 2 1 1 0 0 0 0 4 0 2 49 1 2 0 0 0 2 0 1 7 0 0 4 9 0 3 1 2 0 0 0 1 0 0 0 0 0 0 0 0 56 7 39 25 14 2 1 38 8 0 0 0 2 3 0 0 0 2 0 2 0 6 1 2 0 0 0 7 33 0 36 64 716 1 3 5 0 0 2 0 3 2 12 15 0 11 0 37 49 32 13 39 2072 702 0 0 0 0 0 814 936 8 292 1070 1335 419 430 14 36 1 1 21 32 0 13 1 3 0 0 0 1 456 327 70 1642 698 146 15 30 2 9 0 3 26 39 14 2 1 10 5 0 0 14 11 215 17 0 2
863 245 1501 6 81 3 44 505 242 67 82 17 3379 212 21 489 24 476 2 1 5 4 0 0 11 0 0 7106 1117 143 184 39 9 16 2 3 0 0 0 0 2 1 0 0 3 1 0 0 0 0 0 0 0 2 0 0 37 1 0 9 3 710 80 23 1 2 1 14 7 7 8 13 3 6 8 125 340 79 23 122 5 2381 662 2354 46 66 12 11 100 8 19 7 1 7125 504 72 4032 261 1776 0 1 1 4 0 1 45 2 0 16365 6376 1453 1195 263 26 14 14 26 1 3 9 3 3 4 0 0 5 1 0 4 2 3 1 2 5 10 1 1 35 2 3 4 1 2135 294 48 0 2 13 138 8 24 16 78 23 39 18 481 1235 292 54 1250 4
10 3 17 0 3 4 0 24 183 9 12 30 547 1136 238 47 128 34 3 0 6 17 0 1 17 1 0 783 1206 339 135 7 2 7 0 1 0 2 0 0 0 1 0 0 0 2 0 0 0 0 0 0 0 1 3 0 51 0 0 9 1 780 105 25 0 0 2 10 3 6 6 12 1 2 0 24 10 9 1 14 0 233 27 46 2 20 27 6 26 31 4 12 1 1090 2429 1058 773 305 184 2 0 3 5 0 2 166 0 0 6376 3775 2605 1356 245 10 2 2 4 1 2 2 1 1 2 0 0 1 1 0 0 0 0 1 1 4 14 0 2 75 0 3 2 1 2565 672 60 0 0 0 177 5 18 21 66 12 27 10 102 94 44 6 211 0
0 0 5 0 0 0 0 1 22 0 1 4 65 37 707 0 64 7 0 14 7 342 0 14 390 0 0 126 76 529 324 29 2 2 0 0 0 0 1 0 0 0 0 0 0 1 0 0 0 0 0 1 0 0 24 1 89 4 1 8 1 1101 145 15 0 0 3 15 0 15 4 26 3 0 0 9 2 5 1 0 0 95 9 13 0 2 3 0 5 11 0 1 5 261 383 2936 291 312 65 0 13 2 157 0 15 2001 12 0 1453 2605 2843 3075 413 2 3 4 7 1 6 1 5 0 0 1 1 1 1 0 1 1 1 0 2 12 19 11 2 498 6 1 1 12 4305 2400 54 0 1 2 150 2 46 35 71 33 65 13 108 15 11 7 66 1
5 1 6 1 0 1 0 4 10 1 1 0 47 18 25 1 1 18 0 0 0 20 0 6 200 0 2 157 73 212 1014 205 2 8 0 1 10 12 0 5 4 1 1 1 1 2 0 2 4 1 0 5 3 2 61 4 295 20 13 19 7 3415 229 122 1 5 45 99 10 34 50 100 5 7 0 39 5 10 5 8 2 103 68 16 20 10 6 2 13 4 3 1 1 251 204 76 308 64 67 0 0 0 16 0 6 228 12 0 1195 1356 3075 1246 1193 19 45 42 24 11 55 31 75 14 5 3 7 21 30 3 38 2 9 3 2 24 76 25 12 469 17 22 30 28 5579 1017 410 0 8 20 793 32 106 84 521 114 234 30 329 30 67 30 55 5
0 0 0 1 0 0 0 0 0 0 0 0 9 2 0 2 0 1 0 0 0 0 0 1 3 0 0 22 11 12 168 262 0 2 0 0 0 0 0 0 0 0 1 0 0 2 0 5 6 1 2 9 0 0 10 1 50 2 0 15 6 477 1 145 2 12 69 250 56 160 59 316 1 3 0 4 0 1 0 1 14 27 15 4 0 0 1 0 3 1 0 1 0 43 39 3 76 19 8 0 0 0 0 0 0 1 0 0 263 245 413 1193 835 8 6 17 15 0 4 9 2 6 1 0 0 7 10 3 22 11 9 10 21 70 83 1 1 98 0 1 15 22 1397 1 1077 0 10 33 1243 479 924 1759 2030 94 294 11 172 3 18 7 10 31
12 5 15 0 3 2 2 37 153 7 11 27 138 117 24 35 45 52 1 0 3 9 0 2 27 0 3 17 8 0 10 2 2 12 0 0 4 4 1 8 5 3 2 1 0 4 0 2 6 1 0 3 0 0 36 2 105 21 11 25 8 113 8 9 0 13 27 53 9 31 3 33 2 9 2 22 4 8 7 5 9 412 8523 508 6621 10096 10246 118 189 344 50 175 98 59 70 115 728 983 322 50 30 106 597 6 111 262 905 814 26 10 2 19 8 14011 7475 1468 6737 585 1383 3903 384 433 287 32 28 311 382 33 98 52 30 11 34 2 870 737 184 550 539 674 927 97 231 10 55 16 72 615 378 836 198 54 223 15 58 436 589 259 1672 220 222 30
7 1 9 1 3 0 0 22 59 3 5 14 63 30 15 19 28 12 0 1 0 7 0 2 107 0 3 8 11 1 24 2 3 18 1 0 14 27 3 14 12 2 4 0 7 6 0 5 5 3 2 3 1 0 96 16 238 40 42 43 8 257 25 12 0 9 26 88 27 31 5 40 1 12 0 33 2 13 9 4 4 478 3473 159 1077 2135 2368 38 141 190 36 101 55 59 32 65 420 556 40 22 43 40 425 13 123 458 1002 936 14 2 3 45 6 7475 6947 683 2813 1508 3891 6340 1746 1142 527 31 36 753 698 25 213 71 73 6 38 0 92 1103 217 1227 895 464 1512 151 582 20 161 47 95 1292 1060 1500 180 78 407 13 20 49 367 182 1614 74 50 27
1 2 10 0 0 0 0 3 5 0 0 1 3 2 0 3 0 69 0 0 0 0 0 0 6 0 0 3 0 0 9 8 0 6 0 1 1 1 0 3 6 3 4 6 1 3 0 9 6 4 1 2 1 2 2 1 111 1 5 39 13 104 1 15 3 25 47 88 20 48 20 59 6 24 3 15 3 3 15 39 7 235 2570 375 151 116 41 23 41 64 9 10 5 11 1 6 29 41 197 2 1 5 31 0 7 29 8 8 14 2 4 42 17 1468 683 3836 1186 17 62 1120 139 427 135 747 25 1722 321 2753 287 141 315 102 154 62 1000 95 14 142 22 54 229 44 70 2 38 21 118 598 226 850 416 144 247 351 385 165 1136 276 1119 228 261 48
4 3 6 0 3 0 1 18 53 1 3 8 38 19 17 11 16 39 0 0 1 12 0 2 13 0 0 10 4 2 4 0 0 5 1 0 1 4 0 1 1 3 2 2 0 4 0 4 1 1 0 0 0 0 13 1 32 4 5 14 3 64 2 2 1 4 15 26 9 13 7 16 0 11 1 18 2 5 7 27 2 188 3825 268 634 1322 2078 47 70 217 12 36 70 25 10 38 155 406 241 103 10 143 64 5 16 29 661 292 26 4 7 24 15 6737 2813 1186 1107 403 464 2921 566 223 124 14 9 162 139 12 46 29 43 37 36 49 319 161 47 150 137 125 281 33 97 4 48 8 31 283 212 415 119 72 118 253 301 427 365 167 971 198 162 10
0 0 2 1 1 0 0 4 8 1 0 0 2 2 1 0 0 1 0 0 1 12 0 8 177 2 8 0 0 4 15 0 2 16 1 2 13 41 1 19 6 2 0 0 3 3 0 0 1 0 0 0 0 0 218 23 181 80 79 20 8 182 23 3 0 0 12 18 0 1 0 1 2 4 0 29 3 8 3 0 2 19 61 1 39 95 643 9 4 21 1 4 1 1 0 4 15 28 1 4 0 37 40 10 29 147 1548 1070 1 1 1 11 0 585 1508 17 403 734 3610 1253 1988 96 189 4 9 98 170 3 63 0 12 2 1 0 8 264 106 353 1516 419 343 44 167 4 43 8 5 130 165 75 2 7 39 14 1 2 43 20 291 41 0 7
1 5 3 0 2 1 2 9 26 1 2 5 12 3 8 1 3 1 1 4 3 12 0 15 361 1 8 1 0 4 53 4 5 25 1 6 26 94 9 40 21 10 1 1 14 6 0 3 4 0 0 0 1 4 428 69 593 173 189 70 26 544 59 13 0 0 17 27 1 3 1 8 11 14 1 95 5 33 10 0 3 64 246 2 197 374 569 56 70 75 12 13 3 6 0 6 62 43 1 10 0 37 74 7 38 254 1901 1335 3 2 6 55 4 1383 3891 62 464 3610 10448 2010 7767 870 2412 44 67 1108 2136 52 266 11 60 7 3 0 30 681 285 1090 8291 11862 4266 126 488 42 61 42 40 569 319 220 7 10 55 10 1 2 86 31 682 70 3 9
2 0 1 0 3 1 0 18 42 2 0 12 17 34 25 5 21 2 2 2 4 11 0 3 32 0 0 3 4 1 13 5 0 8 0 0 6 10 2 7 3 3 2 2 0 2 0 4 3 0 1 3 0 1 45 4 122 7 20 27 7 142 7 10 2 6 18 49 12 13 4 27 7 7 1 18 2 6 5 2 1 133 2637 57 465 1701 2744 51 69 215 14 35 59 12 21 26 112 340 9 141 3 208 45 11 13 41 1262 419 9 2 1 31 9 3903 6340 1120 2921 1253 2010 7156 5179 6434 509 116 31 5160 729 46 135 48 39 9 60 0 11 213 95 264 330 312 799 69 158 2 91 29 90 889 651 1151 224 47 282 15 47 3 260 92 477 57 13 24
0 0 3 0 0 0 0 1 10 0 0 3 5 4 5 0 1 0 0 3 0 5 0 4 110 0 2 5 2 2 43 4 2 17 1 3 15 26 6 21 13 2 2 0 2 4 0 4 3 2 1 0 0 2 131 13 338 37 43 49 13 414 39 12 0 1 21 38 9 5 8 28 3 19 1 49 5 19 11 2 3 164 226 12 153 448 434 198 273 333 59 31 8 6 3 3 46 48 5 25 3 92 78 13 21 60 1442 430 3 1 5 75 2 384 1746 139 566 1988 7767 5179 8981 8903 13046 383 353 8872 10473 204 869 52 122 19 21 1 31 457 253 873 1375 3716 5690 179 514 6 218 165 206 2422 1363 1161 57 55 334 15 7 3 58 21 483 96 8 20
0 0 4 1 0 1 2 1 8 1 0 0 14 5 2 4 2 2 0 1 0 3 0 1 13 0 0 4 2 0 3 2 2 5 0 3 2 4 1 3 3 2 1 0 0 0 0 5 2 2 0 1 0 0 13 1 69 3 5 11 6 72 3 7 1 2 14 37 10 18 5 29 2 6 0 5 0 3 5 5 1 247 891 68 216 460 187 75 131 127 24 16 6 13 2 0 70 56 9 11 1 29 21 0 2 9 79 14 3 1 0 14 6 433 1142 427 223 96 870 6434 8903 6189 4341 175 80 8941 4420 68 305 60 38 4 25 1 13 50 36 172 87 472 1286 57 142 0 86 50 85 1089 588 943 126 41 205 1 20 3 88 93 250 36 27 13
1 0 0 0 0 0 1 8 24 1 1 2 14 9 15 3 13 4 1 2 1 14 0 0 16 0 0 2 0 0 2 0 0 1 0 0 0 7 0 2 1 1 1 1 0 1 0 1 0 0 1 1 0 0 8 2 28 3 8 7 1 28 3 6 1 0 5 9 1 9 1 2 1 4 0 3 0 3 3 6 0 288 304 17 200 662 214 449 658 1142 144 36 22 11 4 3 61 58 12 106 3 371 197 16 28 13 144 36 4 2 0 5 1 287 527 135 124 189 2412 509 13046 4341 26358 232 1039 2545 25851 157 2581 166 360 32 52 0 80 559 553 1050 968 9153 61363 747 75 2 50 1902 950 12954 961 2777 46 5 176 24 7 9 109 31 372 191 11 32
0 0 1 0 0 1 0 0 2 0 0 0 1 1 0 0 0 0 0 0 0 0 0 0 1 0 0 0 0 0 1 2 0 0 0 0 0 0 0 0 0 0 0 0 0 0 0 1 1 1 0 0 0 0 0 0 13 0 0 6 1 14 0 1 0 0 7 5 3 4 0 5 0 3 0 2 0 0 3 2 0 30 114 12 24 32 16 25 32 58 4 4 1 1 1 0 4 3 6 3 0 9 4 0 2 1 4 1 0 0 1 3 0 32 31 747 14 4 44 116 383 175 232 194 617 3049 4542 1069 1174 18 25 3 17 0 8 15 10 24 5 82 192 6 8 1 6 17 78 261 55 182 40 8 35 6 10 1 42 13 59 8 11 4
0 1 0 0 0 0 0 0 6 0 0 1 0 0 0 0 1 2 0 0 0 0 0 0 1 0 0 1 0 0 1 2 0 1 1 0 0 0 0 0 0 0 0 0 1 1 0 2 3 3 1 3 0 0 0 0 23 0 0 11 1 22 0 5 3 9 13 28 8 15 1 5 0 5 0 2 0 3 0 2 0 38 31 3 17 40 10 33 78 209 21 9 6 0 2 1 7 8 4 8 1 32 42 1 4 2 9 1 0 0 1 7 0 28 36 25 9 9 67 31 353 80 1039 617 350 1345 5798 1707 5281 561 632 25 91 0 51 118 68 87 14 176 1047 85 28 0 18 1082 1597 4283 303 1734 88 18 153 8 3 2 24 4 55 24 0 66
0 0 0 1 0 0 1 0 7 0 0 0 9 4 0 2 0 8 0 0 0 0 0 1 22 0 0 1 0 0 8 4 3 5 1 0 2 6 2 3 7 3 2 0 1 0 0 5 10 4 0 0 0 0 13 5 89 4 17 19 6 112 5 9 1 2 26 52 16 13 5 32 1 11 0 8 0 6 5 5 1 187 518 24 167 283 152 107 173 187 42 20 5 11 5 2 41 35 9 15 0 38 32 2 3 8 86 21 5 1 1 21 7 311 753 1722 162 98 1108 5160 8872 8941 2545 3049 1345 8307 10394 1138 1855 74 63 16 59 0 26 73 62 206 102 617 1452 65 140 4 69 63 164 1417 695 1266 187 48 256 7 28 1 107 47 306 62 25 21
0 0 2 0 1 2 0 2 31 0 1 7 4 11 19 2 18 8 0 0 0 13 0 0 21 0 1 1 2 1 6 8 3 7 0 1 2 5 0 1 4 4 4 4 1 6 0 13 18 1 2 3 1 2 20 5 102 7 7 33 11 115 3 20 2 10 56 96 35 40 8 36 1 16 1 9 1 13 4 15 5 353 476 19 210 731 283 508 979 1795 211 85 45 11 5 1 83 88 14 107 8 329 298 7 66 16 149 32 1 1 1 30 10 382 698 321 139 170 2136 729 10473 4420 25851 4542 5798 10394 27620 4669 15669 859 1164 122 189 2 212 902 432 870 448 4089 18326 619 160 0 115 2054 4410 19995 1516 5957 233 50 485 53 32 15 169 45 683 275 24 91
0 0 0 0 0 0 0 0 1 0 0 0 2 1 0 0 0 1 0 0 0 0 0 0 4 0 0 0 0 0 1 1 0 2 0 1 0 0 0 1 2 0 2 1 2 0 0 2 2 1 0 1 0 0 0 1 20 1 0 7 0 30 0 1 1 4 4 14 8 6 1 13 0 2 1 3 1 1 1 6 3 35 137 10 20 32 14 22 51 95 8 5 1 3 0 0 7 8 10 5 0 9 18 0 3 1 6 0 0 0 0 3 3 33 25 2753 12 3 52 46 204 68 157 1069 1707 1138 4669 1736 5739 477 1351 105 35 1 395 43 14 40 7 72 236 14 16 0 11 23 249 543 60 392 118 21 57 6 29 0 60 21 116 18 15 271
0 0 1 0 0 0 0 0 21 0 0 2 1 11 16 0 11 8 0 2 2 8 0 0 2 0 0 2 8 2 14 8 3 8 3 2 1 0 2 1 5 3 3 9 1 10 0 11 22 5 5 9 3 2 3 2 121 1 2 55 14 148 2 38 4 30 115 184 73 102 16 84 4 29 2 12 0 12 4 5 61 127 142 8 67 196 81 146 369 1029 92 56 47 4 1 2 32 77 12 47 7 116 208 12 50 15 43 13 4 0 1 38 22 98 213 287 46 63 266 135 869 305 2581 1174 5281 1855 15669 5739 11432 4477 9939 300 708 8 742 642 230 577 41 582 2802 433 209 2 132 2646 7500 15898 1237 8266 1309 146 673 82 60 5 126 21 296 143 14 3873
0 0 0 0 0 0 0 0 0 0 0 0 0 0 0 0 1 3 0 1 0 1 0 0 0 0 0 0 0 0 4 10 0 3 0 0 0 1 2 3 3 0 1 3 0 3 0 5 67 1 5 24 32 7 1 0 22 0 0 21 2 66 0 20 3 22 64 414 344 767 104 644 7 21 2 12 1 5 4 5 1418 23 84 6 26 28 3 1 14 45 4 2 1 1 0 0 8 9 6 0 2 1 14 0 2 3 4 1 2 0 1 2 11 52 71 141 29 0 11 48 52 60 166 18 561 74 859 477 4477 8764 6451 1846 6085 419 1747 34 9 149 4 17 224 231 309 0 170 447 3716 5287 2221 14906 11897 458 2143 153 168 10 73 16 111 57 6 29465
0 0 0 0 0 0 0 0 5 0 0 1 0 1 2 0 3 3 0 0 0 1 0 0 2 0 1 0 1 1 4 4 1 1 0 1 0 0 0 1 2 1 1 2 1 2 0 2 16 1 1 2 1 1 1 0 46 0 1 15 5 45 0 14 2 7 38 78 60 105 15 73 1 11 0 8 0 1 4 2 64 37 46 1 24 36 19 48 71 291 33 10 9 1 1 1 8 17 5 8 3 32 67 1 12 7 11 3 3 0 1 9 9 30 73 315 43 12 60 39 122 38 360 25 632 63 1164 1351 9939 6451 6774 1071 1099 24 3884 166 69 256 7 124 677 208 95 1 74 827 3886 10955 722 5120 1535 83 426 160 72 3 54 10 86 48 2 2954
0 0 0 0 0 0 0 0 2 0 0 1 0 1 0 0 0 0 0 0 0 1 0 1 1 0 0 0 0 0 0 4 0 1 1 0 0 0 0 0 3 0 0 1 0 0 0 1 17 0 0 4 4 0 0 0 17 0 0 6 4 19 0 8 1 8 26 85 32 75 14 74 0 7 0 2 1 0 0 2 231 4 15 0 3 8 2 3 10 26 4 2 3 0 0 0 0 6 1 0 0 4 12 1 2 3 1 0 1 1 0 3 10 11 6 102 37 2 7 9 19 4 32 3 25 16 122 105 300 1846 1071 1026 1722 347 1438 24 7 122 1 5 100 151 52 1 52 51 305 1633 193 1372 1781 257 312 509 746 12 27 2 18 16 2 1479
1 0 0 0 0 0 0 0 1 0 0 0 1 1 0 0 0 4 0 0 0 0 0 0 0 0 0 0 0 0 0 7 0 3 0 1 0 0 1 1 1 0 0 0 0 3 0 0 14 1 3 7 2 0 0 0 21 0 0 7 1 63 0 18 3 12 59 378 194 477 88 473 2 13 0 3 0 1 4 4 49 26 87 7 28 19 3 1 4 5 2 1 1 2 1 1 11 1 8 0 0 0 3 0 0 0 0 0 2 1 2 2 21 34 38 154 36 1 3 60 21 25 52 17 91 59 189 35 708 6085 1099 1722 3160 169 407 4 1 90 0 4 86 141 357 0 126 125 1250 1693 1088 8783 7513 659 1984 250 451 11 67 7 98 42 10 1895
0 0 0 0 0 0 0 0 0 0 0 0 1 0 0 0 0 0 0 0 0 1 0 0 0 0 0 1 0 0 2 23 0 0 0 0 0 0 0 0 0 1 0 0 0 0 0 0 2 0 1 0 27 3 0 1 4 0 0 0 0 19 0 3 0 1 3 36 15 57 23 60 0 0 0 0 0 0 0 0 1361 2 1 0 0 0 0 0 0 0 1 0 1 1 0 0 2 0 0 0 0 0 0 0 0 0 0 0 5 4 12 24 70 2 0 62 49 0 0 0 1 1 0 0 0 0 2 1 8 419 24 347 169 496 474 1 0 12 0 0 3 3 116 0 125 1 9 23 151 307 2287 738 312 270 364 14 21 0 1 2 2 4199
1 2 2 0 0 0 0 0 1 0 0 0 2 0 1 0 2 46 0 0 0 1 0 0 3 0 0 1 0 0 4 6 1 3 1 1 0 2 0 1 0 0 0 3 0 5 0 10 24 2 1 8 27 10 3 0 45 1 0 16 2 60 1 19 1 22 34 77 40 138 13 55 14 15 4 8 4 4 13 18 1929 21 873 113 7 19 12 9 31 100 10 8 2 1 4 1 9 17 261 4 2 13 32 0 8 9 2 1 10 14 19 76 83 870 92 1000 319 8 30 11 31 13 80 8 51 26 212 395 742 1747 3884 1438 407 474 1587 64 20 113 3 40 184 59 124 0 128 35 197 961 249 1268 2458 401 399 2770 1457 1842 599 52 433 249 80 11837
1 4 1 2 6 9 4 16 98 2 1 9 11 24 66 4 38 6 0 26 22 398 3 122 1599 11 87 3 3 19 65 11 10 111 5 12 107 343 12 148 42 27 2 2 19 19 0 2 2 2 0 0 3 5 2010 221 1369 868 583 194 30 1214 251 14 0 0 29 30 0 5 0 7 12 16 2 218 22 85 29 7 26 94 211 10 165 429 608 273 355 3806 106 112 305 7 17 28 74 389 24 337 222 6312 8679 4602 13426 1061 6647 456 1 0 11 25 1 737 1103 95 161 264 681 213 457 50 559 15 118 73 902 43 642 34 166 24 4 1 64 15428 17338 4631 1872 3592 5786 1801 250 84 14 35 65 525 104 78 21 2 14 272 10 5 2205 203 2450 713 5 321
2 8 0 0 3 1 5 4 33 0 1 5 3 7 8 1 5 2 1 4 2 15 1 12 235 1 8 2 0 4 19 0 3 26 1 3 20 58 5 38 9 10 1 1 8 8 0 7 0 0 0 0 0 3 295 59 394 117 130 55 11 346 39 5 0 0 13 9 0 0 0 4 3 15 0 68 9 25 11 2 5 41 66 0 84 260 260 165 156 768 32 18 33 1 4 11 18 79 6 97 20 1147 636 411 564 1814 2638 327 1 2 2 12 1 184 217 14 47 106 285 95 253 36 553 10 68 62 432 14 230 9 69 7 1 0 20 17338 14460 16288 1786 7732 14307 9062 736 87 8 10 20 222 66 36 2 0 16 28 4 1 299 21 269 83 0 44
1 19 11 6 1 0 3 11 112 1 0 9 8 31 101 2 41 48 2 8 8 261 1 52 885 8 25 5 6 24 228 52 50 254 45 14 63 191 33 133 120 53 78 25 62 101 3 128 87 42 9 12 4 29 793 94 3082 227 334 561 175 4749 195 166 29 87 404 542 148 94 45 129 49 350 23 394 29 189 120 12 41 148 269 8 162 224 197 146 347 2393 84 128 429 19 77 632 113 1242 48 90 154 673 3052 61 924 6572 302 70 35 75 498 469 98 550 1227 142 150 353 1090 264 873 172 1050 24 87 206 870 40 577 149 256 122 90 12 113 4631 16288 25783 305 1512 13459 31903 12175 3222 3064 137 148 2343 3083 570 101 222 906 368 143 18 3105 122 1865 1013 25 292
1 1 1 0 2 0 2 7 32 2 2 0 7 1 1 1 5 1 3 0 2 19 1 26 403 1 18 0 1 7 21 3 1 21 0 6 29 94 6 47 8 5 1 0 8 2 1 2 3 0 0 0 1 0 550 61 381 216 159 51 7 321 65 0 0 0 11 9 1 0 0 0 2 5 0 62 14 21 13 0 1 19 59 0 70 111 340 17 18 16 1 4 2 2 1 5 20 18 3 14 2 123 93 116 59 312 3281 1642 2 0 6 17 0 539 895 22 137 1516 8291 330 1375 87 968 5 14 102 448 7 41 4 7 1 0 0 3 1872 1786 305 2507 4667 973 28 119 19 6 5 5 86 31 25 1 0 6 25 0 1 126 40 437 74 0 13
2 0 0 3 2 3 4 2 21 0 0 4 10 2 5 1 4 2 3 8 1 12 1 12 229 3 6 0 1 1 35 0 5 29 0 3 24 82 9 53 19 4 1 0 6 7 0 1 0 0 0 0 0 0 351 63 466 112 163 60 13 402 55 7 0 0 6 13 2 0 0 2 2 9 1 62 8 22 13 2 2 58 187 6 227 527 465 159 181 291 28 21 5 7 3 2 43 49 3 59 3 493 72 205 57 230 2768 698 3 3 1 22 1 674 464 54 125 419 11862 312 3716 472 9153 82 176 617 4089 72 582 17 124 5 4 0 40 3592 7732 1512 4667 17593 23701 1384 431 32 16 137 116 1169 205 278 3 2 26 12 3 4 89 13 310 73 5 8
1 1 2 0 1 0 0 7 96 1 2 12 21 36 78 7 45 12 7 7 7 84 0 8 59 0 1 1 7 1 14 6 5 15 3 1 5 18 3 9 2 4 1 2 4 3 0 15 17 1 0 3 0 6 69 15 173 21 28 43 5 167 17 21 1 16 57 89 23 15 6 34 6 21 1 42 6 18 10 14 6 636 703 20 600 1989 968 1535 2036 6611 456 246 261 11 18 29 169 524 43 636 81 2582 2083 184 360 161 782 146 4 2 1 30 15 927 1512 229 281 343 4266 799 5690 1286 61363 192 1047 1452 18326 236 2802 224 677 100 86 3 184 5786 14307 13459 973 23701 56127 20177 377 24 163 1202 814 10685 4167 3243 86 67 377 203 62 28 732 96 1470 887 22 129
0 4 4 2 0 0 1 1 15 1 0 2 3 4 6 1 7 7 0 2 0 29 1 4 39 0 3 0 4 2 8 6 3 15 0 4 4 4 4 5 9 3 7 4 4 10 1 19 15 5 2 8 2 1 32 1 190 11 14 57 12 231 8 24 4 8 50 156 40 33 8 77 4 30 0 17 1 16 7 2 10 47 61 6 41 100 84 90 148 967 36 31 72 2 4 20 15 134 10 52 20 423 546 43 127 110 93 15 1 1 12 28 22 97 151 44 33 44 126 69 179 57 747 6 85 65 619 14 433 231 208 151 141 3 59 1801 9062 31903 28 1384 20177 10275 2152 95 502 194 212 2775 4749 1159 93 191 680 64 19 2 255 13 275 147 1 46
4 25 10 6 4 0 4 4 54 3 3 9 127 89 234 4 24 35 1 11 3 247 2 54 1512 6 14 298 241 381 1794 553 69 170 32 14 43 156 22 68 130 33 49 30 29 92 7 101 79 41 4 103 15 33 692 82 5238 208 210 530 294 24104 931 1410 22 125 686 1986 508 751 611 1488 54 255 14 332 28 168 100 23 49 289 140 38 68 66 60 7 61 106 13 20 96 530 838 983 707 700 100 4 18 18 658 5 127 7417 107 30 2135 2565 4305 5579 1397 231 582 70 97 167 488 158 514 142 75 8 28 140 160 16 209 309 95 52 357 116 124 250 736 12175 119 431 377 2152 24625 9324 9390 23 144 495 8450 813 2861 4174 6890 252 328 32 1590 89 691 454 96 241
3 4 0 0 1 1 0 7 9 2 2 0 14 17 74 3 10 1 0 0 0 133 1 29 661 5 13 25 18 75 83 2 6 13 0 4 10 24 4 18 10 2 3 0 3 5 0 5 1 0 0 0 0 0 256 18 514 67 60 31 15 2887 340 9 0 0 12 17 0 2 0 8 2 9 1 43 5 21 9 0 1 57 5 5 5 9 5 0 3 3 0 5 14 100 403 579 175 235 8 0 5 2 204 0 37 7613 7 2 294 672 2400 1017 1 10 20 2 4 4 42 2 6 0 2 1 0 4 0 0 2 0 1 1 0 0 0 84 87 3222 19 32 24 95 9324 3364 22 0 0 3 64 1 0 0 12 11 2 0 124 9 38 15 8 6
1 2 2 1 1 0 0 0 3 0 0 0 6 2 0 0 0 1 0 1 0 0 0 1 5 0 1 7 7 7 161 90 6 13 2 1 1 2 2 2 10 6 9 8 3 15 2 47 63 13 5 33 8 3 3 1 415 3 1 124 38 2277 6 343 19 109 420 1796 956 481 577 1650 7 52 2 39 1 14 3 5 34 27 64 7 21 22 23 0 8 11 2 5 3 12 8 3 24 14 24 1 0 1 12 1 0 9 27 9 48 60 54 410 1077 55 161 38 48 43 61 91 218 86 50 6 18 69 115 11 132 170 74 52 126 125 128 14 8 3064 6 16 163 502 9390 22 7692 27 133 770 11169 1262 1828 6583 8744 171 464 19 365 7 154 149 3 84
0 1 0 0 0 0 0 0 0 0 0 0 0 1 1 0 0 0 0 0 1 1 0 1 0 0 0 1 1 0 0 2 0 0 0 0 0 0 0 0 0 0 0 0 0 0 0 1 1 0 0 1 0 0 1 0 7 0 0 1 1 6 0 2 0 2 4 10 4 8 1 11 0 2 0 2 0 0 1 0 1 10 18 0 2 7 9 5 13 60 3 3 6 0 0 0 4 13 2 0 2 7 13 1 1 3 6 0 0 0 0 0 0 16 47 21 8 8 42 29 165 50 1902 17 1082 63 2054 23 2646 447 827 51 125 1 35 35 10 137 5 137 1202 194 23 0 27 265 1148 5668 398 1835 178 8 139 9 4 1 23 1 39 27 5 40
0 0 1 0 0 0 0 1 2 0 0 0 1 1 1 0 2 3 0 0 0 1 0 0 1 0 0 1 0 2 4 4 1 0 0 0 0 0 1 0 3 0 1 3 0 0 0 2 15 3 0 9 0 0 1 0 31 0 0 21 5 20 0 23 2 26 77 98 55 84 12 42 3 17 0 6 1 2 8 7 18 46 117 6 32 37 18 11 51 128 13 8 1 1 2 1 6 15 9 5 1 14 31 1 9 0 4 3 2 0 1 8 10 72 95 118 31 5 40 90 206 85 950 78 1597 164 4410 249 7500 3716 3886 305 1250 9 197 65 20 148 5 116 814 212 144 0 133 1148 3490 10778 2387 14665 441 143 818 43 31 12 77 13 142 86 9 3281
0 0 3 0 0 1 1 1 26 2 2 8 6 11 12 2 5 21 1 1 1 12 1 1 14 0 0 4 3 5 5 14 2 9 1 3 1 4 2 3 3 3 4 9 3 14 0 13 37 6 2 24 0 0 11 4 120 2 3 64 11 103 1 63 7 73 236 289 139 175 40 70 6 66 2 26 5 4 15 32 49 257 814 51 265 306 130 108 248 815 62 48 69 20 1 15 114 212 77 21 17 97 269 4 40 37 104 26 13 0 2 20 33 615 1292 598 283 130 569 889 2422 1089 12954 261 4283 1417 19995 543 15898 5287 10955 1633 1693 23 961 525 222 2343 86 1169 10685 2775 495 3 770 5668 10778 13743 9057 18632 564 227 1835 286 123 102 491 86 1300 1009 33 1517
1 2 4 0 1 1 1 3 9 0 0 1 18 4 6 2 2 23 0 0 0 4 0 4 31 0 0 17 10 16 265 278 4 50 8 6 6 11 4 5 33 18 15 23 7 35 1 87 150 28 13 77 10 6 30 1 719 8 7 337 87 1465 10 377 41 267 1040 2271 841 743 289 1354 20 177 8 82 5 50 26 18 106 180 407 23 184 175 79 20 58 161 14 21 25 53 59 22 135 119 58 2 6 17 55 1 7 30 135 39 138 177 150 793 1243 378 1060 226 212 165 319 651 1363 588 961 55 303 695 1516 60 1237 2221 722 193 1088 151 249 104 66 3083 31 205 4167 4749 8450 64 11169 398 2387 9057 11647 14732 3689 4246 7994 308 505 66 890 51 1039 890 34 950
1 5 1 1 0 0 0 4 1 0 0 0 7 2 2 1 1 59 2 0 0 1 0 0 6 0 0 11 3 2 33 254 9 34 2 6 0 4 5 7 35 12 9 35 9 40 2 62 290 37 50 348 16 18 1 1 439 2 4 323 69 380 0 442 43 486 1666 2868 1456 4381 534 1783 38 425 11 114 2 38 36 46 718 410 1296 99 424 325 143 32 78 158 29 25 16 34 6 6 158 82 151 6 5 10 50 2 10 12 60 14 8 5 2 32 479 836 1500 850 415 75 220 1151 1161 943 2777 182 1734 1266 5957 392 8266 14906 5120 1372 8783 307 1268 78 36 570 25 278 3243 1159 813 1 1262 1835 14665 18632 14732 20419 21898 6363 9450 513 1039 213 1709 148 1789 1365 100 15136
3 2 1 3 0 1 0 2 0 0 0 0 5 1 0 1 1 22 0 0 0 1 0 0 2 0 0 5 2 7 34 362 6 30 5 5 3 0 5 10 24 7 3 4 11 12 1 18 454 14 80 236 276 84 2 0 456 0 0 72 34 1896 2 433 3 158 571 4371 2585 6697 1956 5398 34 163 6 95 5 21 30 18 4032 107 383 32 115 67 10 0 10 5 2 6 3 13 6 3 49 13 24 1 0 1 17 0 4 7 5 2 24 18 46 106 924 198 180 416 119 2 7 224 57 126 46 40 88 187 233 118 1309 11897 1535 1781 7513 2287 2458 21 2 101 1 3 86 93 2861 0 1828 178 441 564 3689 21898 14133 9848 18501 384 1159 35 686 60 466 210 31 28712
0 0 0 0 0 0 0 3 1 0 0 0 2 1 0 2 0 10 0 0 0 0 0 0 3 0 0 4 1 2 50 198 1 1 0 0 0 0 1 1 6 4 0 7 1 12 0 15 67 7 6 55 5 4 0 0 133 1 1 43 14 1430 0 266 8 127 472 2353 890 1170 584 2166 2 108 1 36 0 7 7 12 61 23 121 8 28 17 4 1 4 5 1 3 1 8 6 2 19 6 8 0 0 1 1 0 1 1 6 1 16 21 35 84 1759 54 78 144 72 7 10 47 55 41 5 8 18 48 50 21 146 458 83 257 659 738 401 2 0 222 0 2 67 191 4174 0 6583 8 143 227 4246 6363 9848 3462 9967 380 1706 48 871 12 110 66 14 611
0 5 2 1 0 0 0 3 3 1 2 0 8 8 0 1 0 17 0 0 0 0 0 0 8 1 1 40 43 51 492 1171 5 24 5 5 1 1 3 10 21 14 6 16 15 18 0 48 157 17 47 253 83 15 2 0 503 1 1 149 40 4228 6 1846 22 274 1218 5368 1867 5613 2174 5035 40 256 1 109 2 23 16 20 522 127 353 35 95 89 37 3 15 20 5 3 2 29 24 3 70 21 44 1 0 2 13 0 4 9 22 10 78 66 71 521 2030 223 407 247 118 39 55 282 334 205 176 35 153 256 485 57 673 2143 426 312 1984 312 399 14 16 906 6 26 377 680 6890 12 8744 139 818 1835 7994 9450 18501 9967 6632 257 845 65 975 46 476 385 28 4565
1 1 1 1 0 0 0 1 4 0 2 3 9 2 9 4 3 44 0 1 1 7 0 1 28 0 0 3 2 0 10 5 2 7 2 2 3 14 2 7 6 4 8 4 2 9 0 15 37 3 7 16 2 6 16 1 123 5 22 74 10 163 2 24 5 64 180 180 139 144 27 71 23 98 13 34 5 7 11 6 143 29 50 17 13 9 7 1 14 25 2 3 24 8 4 82 35 200 103 2 49 16 1205 3 112 226 31 5 23 12 33 114 94 15 13 351 253 14 10 15 15 1 24 6 8 7 53 6 82 153 160 509 250 270 2770 272 28 368 25 12 203 64 252 11 171 9 43 286 308 513 384 380 257 1812 3914 2476 1307 219 51 244 36 673
1 19 7 1 3 1 2 5 5 1 1 0 15 6 0 2 1 86 0 1 0 2 0 1 9 0 0 6 3 0 14 31 15 40 13 4 6 9 12 12 30 16 14 26 8 48 2 72 235 34 30 142 5 6 11 6 398 6 25 303 43 344 4 165 47 482 1351 1221 966 759 184 316 40 462 7 134 7 33 17 28 117 67 114 33 34 20 1 1 20 11 9 5 1 22 7 3 56 43 160 0 1 1 6 0 0 4 0 0 39 27 65 234 294 58 20 385 301 1 1 47 7 20 7 10 3 28 32 29 60 168 72 746 451 364 1457 10 4 143 0 3 62 19 328 2 464 4 31 123 505 1039 1159 1706 845 3914 2125 1139 1765 253 121 39 71 77
1 4 5 0 1 0 0 2 0 0 1 0 2 0 0 0 1 87 0 0 0 1 0 0 1 0 0 12 0 0 2 2 0 2 1 0 0 0 0 1 2 0 3 2 0 1 0 2 13 3 0 6 0 0 1 0 20 2 7 11 2 22 0 2 1 10 32 28 25 26 4 6 5 25 6 25 2 8 10 23 25 10 658 202 6 6 0 0 3 3 2 1 0 2 1 5 8 21 469 0 0 2 31 0 1 1 2 0 18 10 13 30 11 436 49 165 427 2 2 3 3 3 9 1 2 1 15 0 5 10 3 12 11 14 1842 5 1 18 1 4 28 2 32 0 19 1 12 102 66 213 35 48 65 2476 1139 1822 1397 108 283 344 58 13
75 20 42 3 43 14 27 349 537 55 79 30 1093 412 166 313 142 148 6 3 10 76 0 9 208 1 1 253 124 14 50 23 16 41 8 15 10 42 5 31 21 16 8 23 7 34 3 31 207 25 32 138 12 16 141 12 436 52 71 156 32 549 44 132 26 449 1088 1142 845 762 208 318 53 587 30 1367 62 68 51 65 468 4562 4644 379 2496 1727 265 207 1523 1670 366 585 927 891 324 1267 4467 7472 729 15 299 92 6380 2 692 2433 118 14 481 102 108 329 172 589 367 1136 365 43 86 260 58 88 109 42 24 107 169 60 126 73 54 27 67 21 599 2205 299 3105 126 89 732 255 1590 124 365 23 77 491 890 1709 686 871 975 1307 1765 1397 9034 9375 1570 1075 408 1629
383 152 1143 11 51 9 29 267 397 26 25 54 911 162 186 224 123 122 14 2 15 67 2 7 114 1 21 490 50 9 4 4 4 14 1 3 4 36 0 9 3 3 1 1 0 8 0 2 2 0 0 1 0 0 188 14 80 130 55 38 5 85 15 5 1 1 5 18 3 6 1 13 6 8 4 124 182 38 18 101 39 6930 7049 2552 1872 895 190 164 1299 1072 281 129 76 1173 95 211 2846 971 803 121 32 623 1115 9 71 203 74 11 1235 94 15 30 3 259 182 276 167 20 31 92 21 93 31 13 4 47 45 21 21 16 10 2 7 0 52 203 21 122 40 13 96 13 89 9 7 1 13 86 51 148 60 12 46 219 253 108 9375 12263 3290 500 1331 104
48 19 180 1 19 4 16 147 209 22 23 30 494 150 102 128 57 148 7 4 8 80 0 8 103 2 2 145 32 3 23 6 11 33 2 2 6 22 1 11 20 10 7 3 5 17 0 19 14 8 4 5 1 4 80 12 264 35 41 80 22 338 16 25 6 14 88 136 37 60 13 64 4 39 4 48 58 43 33 101 18 5300 12627 1725 3055 1820 654 80 781 937 191 323 583 531 129 901 2786 4010 673 23 407 226 7708 18 746 1325 858 215 292 44 11 67 18 1672 1614 1119 971 291 682 477 483 250 372 59 55 306 683 116 296 111 86 18 98 1 433 2450 269 1865 437 310 1470 275 691 38 154 39 142 1300 1039 1789 466 110 476 51 121 283 1570 3290 3030 608 2103 133
5 6 8 0 8 0 2 39 19 3 2 1 95 7 22 31 3 32 0 0 0 13 0 8 54 0 0 28 6 0 11 5 6 22 2 4 6 19 2 9 13 5 5 1 3 9 1 9 12 5 0 4 1 6 31 3 162 16 23 47 13 230 17 16 1 10 36 81 22 34 8 48 4 16 2 30 5 11 22 27 104 966 1718 143 508 302 55 20 184 111 35 34 69 99 6 240 510 681 155 6 132 56 2735 1 201 475 141 17 54 6 7 30 7 220 74 228 198 41 70 57 96 36 191 8 24 62 275 18 143 57 48 16 42 2 249 713 83 1013 74 73 887 147 454 15 149 27 86 1009 890 1365 210 66 385 244 39 344 1075 500 608 195 41 277
6 15 265 0 2 0 0 1 2 0 0 0 24 0 3 1 0 441 0 0 0 0 0 0 0 1 0 144 9 4 4 1 1 5 1 2 0 0 0 0 1 0 0 0 1 1 0 2 0 0 0 1 0 2 0 0 15 0 2 3 2 36 1 1 0 1 8 6 3 4 0 10 2 16 12 45 75 13 24 259 1 110 1766 1989 11 2 0 2 2 3 1 1 0 18 0 1 17 0 1611 1 1 0 3 0 0 2 0 0 1250 211 66 55 10 222 50 261 162 0 3 13 8 27 11 11 0 25 24 15 14 6 2 2 10 2 80 5 0 25 0 5 22 1 96 8 3 5 9 33 34 100 31 14 28 36 71 58 408 1331 2103 41 491 4
9 3 1 2 0 1 0 6 3 1 3 1 10 6 7 9 10 29 0 2 0 34 0 2 17 0 0 2 1 1 3 58 0 2 0 1 3 5 0 1 1 1 2 1 1 0 0 37 1591 5 91 172 994 379 25 3 34 2 2 17 6 108 6 24 0 266 122 345 439 3244 144 897 152 9 17 122 25 13 53 8 48274 30 60 10 21 16 4 0 5 20 0 2 22 4 1 42 12 109 27 1 13 3 604 0 71 258 10 2 4 0 1 5 31 30 27 48 10 7 9 24 20 13 32 4 66 21 91 271 3873 29465 2954 1479 1895 4199 11837 321 44 292 13 8 129 46 241 6 84 40 3281 1517 950 15136 28712 611 4565 673 77 13 1629 104 133 277 4 193375
