2001.57
4330.10
1896.68
788.83
1210.43
1437.82
1678.63
2261.71
2590.64
904.92
1030.58
767.22
2628.69
904.40
1809.89
1093.92
1317.65
713.50
1123.43
927.62
814.82
1781.94
532.05
1245.83
1609.85
598.09
1074.01
1841.97
1188.47
1173.96
795.40
579.70
1579.85
1218.26
2238.67
658.44
769.69
1528.58
1430.23
1229.03
1602.16
2797.72
606.07
447.11
1678.55
1719.23
1897.36
1853.45
1845.90
730.41
315.77
1214.54
578.21
1080.91
2359.37
2341.99
3730.30
1489.98
1692.03
2803.43
2236.72
2998.88
681.64
1331.55
366.73
1380.30
3118.11
2645.98
1906.76
3068.94
1610.10
2046.75
1034.17
892.54
818.71
1906.73
1447.87
1682.46
818.94
292.88
13770.01
2260.61
4318.02
1826.09
713.66
1060.54
1586.70
883.26
1733.01
2499.28
1662.87
1151.46
1233.75
2076.98
698.88
1595.86
1242.49
1650.69
317.90
896.11
842.35
1156.42
1778.54
433.91
1272.45
1233.54
800.82
292.37
2607.36
1279.31
1311.69
929.54
610.73
1508.31
1109.87
2694.85
962.11
624.83
1514.30
1022.20
1190.11
1274.05
2316.11
278.18
249.56
1056.03
1425.47
1398.88
1335.42
2225.32
979.63
389.99
990.19
612.12
1114.58
1904.55
1701.97
1950.28
1609.14
1458.11
2806.89
2194.42
2630.77
806.14
1741.78
319.05
968.64
3232.10
3304.33
3289.63
3078.39
1657.64
2516.40
1075.32
850.53
827.86
1859.83
1514.61
1623.99
767.31
251.68
13515.84
