-0.29 0.89 0.34
-0.37 0.39 -0.84
0.94 0.06 -0.33
-0.71 -0.65 0.25
-0.68 0.70 -0.22
-0.36 -0.30 -0.88
-0.74 0.22 0.63
-0.65 0.45 0.61
-0.59 0.06 0.80
-0.50 0.75 0.43
-0.45 0.21 0.87
-0.73 0.17 0.66
1.00 0.08 -0.01
0.97 0.04 0.24
0.97 -0.14 0.18
-0.41 0.72 0.55
-0.54 0.15 0.83
0.77 -0.04 -0.64
-0.36 0.74 0.57
-0.08 0.44 0.89
-0.91 0.13 0.39
-0.52 -0.30 0.80
-0.82 -0.01 0.57
-0.37 -0.10 0.92
0.80 -0.59 0.15
-0.46 0.40 -0.79
-0.36 -0.35 -0.86
0.98 0.18 -0.05
0.96 0.05 0.29
0.97 -0.20 0.11
0.87 -0.46 0.19
0.53 -0.01 -0.85
-0.96 -0.03 -0.27
-0.34 0.56 0.75
0.26 0.62 -0.74
0.68 0.25 0.69
0.03 0.07 1.00
-0.11 0.84 0.53
-0.81 0.55 -0.21
-0.93 0.16 -0.34
-0.99 0.13 0.02
-0.90 -0.43 0.11
-0.88 0.29 -0.37
-0.06 -0.10 -0.99
-0.74 0.40 -0.54
-0.84 -0.51 0.17
-0.34 -0.01 -0.94
-0.67 -0.43 -0.61
0.32 0.11 -0.94
-0.25 -0.02 -0.97
0.69 -0.18 -0.70
0.57 0.24 -0.79
0.39 -0.52 -0.76
0.28 -0.33 -0.90
-0.68 -0.17 0.71
-0.66 -0.20 0.73
-0.35 -0.77 0.53
-0.55 -0.01 -0.84
-0.66 -0.53 0.53
-0.52 -0.71 0.48
-0.52 -0.85 0.11
0.95 -0.05 0.30
0.99 0.06 0.11
0.99 0.16 -0.00
-0.80 -0.33 0.50
-0.62 -0.18 -0.76
-0.73 -0.67 0.14
-0.05 -0.92 0.40
0.12 -0.82 -0.57
0.80 0.30 -0.52
0.96 -0.05 0.28
0.84 0.49 -0.22
0.54 0.23 0.81
0.79 -0.60 0.06
0.36 -0.93 -0.10
-0.41 0.65 -0.64
0.01 -0.37 -0.93
-0.23 0.11 -0.97
-0.27 0.22 0.94
-0.24 0.09 0.97
-0.41 0.91 0.02
0.42 0.83 0.36
0.41 0.31 -0.86
-0.73 -0.10 -0.67
0.61 -0.73 -0.30
0.79 0.50 -0.35
0.58 0.09 -0.81
0.90 -0.42 0.08
0.48 0.78 0.39
0.52 0.06 0.85
0.24 0.59 0.77
0.68 0.27 0.68
0.60 0.06 0.80
-1.00 -0.07 0.02
-0.97 -0.03 0.25
-0.98 -0.02 0.19
0.52 0.64 0.56
0.56 0.14 0.81
-0.76 -0.08 -0.65
0.18 0.93 0.33
-0.10 0.35 0.93
0.80 0.42 0.43
0.53 -0.26 0.80
0.74 -0.53 0.41
0.43 -0.12 0.90
-0.93 -0.22 0.28
0.76 0.48 -0.43
-0.08 -0.46 -0.88
-0.99 0.13 0.05
-0.98 -0.02 0.18
-1.00 -0.00 -0.05
-0.98 -0.17 0.05
-0.54 0.25 -0.80
0.94 0.17 -0.31
0.95 0.28 0.16
0.19 0.59 -0.78
0.37 0.67 0.64
-0.27 0.01 0.96
0.31 0.88 0.35
0.52 0.85 -0.06
0.82 -0.02 -0.57
1.00 -0.07 0.03
0.91 -0.29 -0.31
0.97 0.25 -0.04
-0.12 -0.82 -0.56
0.79 0.46 -0.41
0.98 0.03 0.19
0.00 -0.47 -0.88
0.04 -0.29 -0.96
-0.28 -0.08 -0.96
0.78 -0.04 -0.62
-0.34 -0.01 -0.94
-0.07 0.35 -0.94
-0.56 -0.50 -0.66
-0.93 -0.22 -0.31
0.56 0.05 0.83
0.42 -0.59 0.69
0.41 -0.48 0.77
0.70 -0.33 -0.63
0.65 -0.61 0.46
0.72 -0.64 0.27
0.50 -0.78 0.38
-1.00 -0.06 0.06
-0.84 -0.47 -0.27
-1.00 0.01 -0.08
0.97 -0.18 0.18
0.80 -0.24 -0.56
0.65 -0.73 0.20
0.20 -0.81 0.55
0.13 -0.86 -0.49
-0.79 0.29 -0.54
-0.67 -0.45 0.59
-0.94 0.29 0.19
-0.03 -0.14 0.99
-0.42 -0.64 -0.64
0.69 -0.34 -0.64
0.18 0.90 -0.39
-0.48 0.10 -0.87
-0.31 -0.36 -0.88
-0.11 0.05 0.99
-0.70 0.62 -0.37
0.36 0.93 0.06
