3998.00
8836.00
4059.00
1473.00
2209.00
2951.00
3579.00
4164.00
4924.00
1707.00
2273.00
1741.00
5296.00
2014.00
3866.00
2191.00
2727.00
1045.00
2352.00
2150.00
1704.00
3940.00
1075.00
2525.00
2932.00
1245.00
2151.00
4404.00
2795.00
2303.00
1538.00
919.00
4668.00
4055.00
5813.00
1736.00
1642.00
3533.00
3354.00
2646.00
3864.00
6110.00
1500.00
1017.00
3771.00
3550.00
4035.00
3709.00
4242.00
1827.00
889.00
2800.00
1264.00
2743.00
3898.00
4270.00
6057.00
2806.00
3178.00
4966.00
4575.00
5311.00
1308.00
2666.00
736.00
2801.00
5924.00
4996.00
3431.00
4955.00
3028.00
3092.00
2557.00
1499.00
1953.00
6560.00
3003.00
4453.00
2012.00
462.00
57816.00
4016.00
8788.00
3349.00
1194.00
1863.00
2826.00
1741.00
2781.00
4575.00
3431.00
2270.00
2408.00
3919.00
1497.00
3516.00
2155.00
3410.00
526.00
1935.00
2140.00
2250.00
3801.00
808.00
2296.00
2308.00
1406.00
594.00
5754.00
3048.00
2869.00
1770.00
1244.00
4282.00
3282.00
6390.00
1942.00
1165.00
3719.00
1993.00
2331.00
2803.00
5211.00
677.00
613.00
2316.00
3131.00
3066.00
2808.00
4931.00
2376.00
1021.00
2305.00
1311.00
2636.00
3024.00
3078.00
3311.00
3347.00
2813.00
5454.00
4063.00
5449.00
1694.00
3360.00
771.00
2157.00
6827.00
6197.00
5761.00
5536.00
3262.00
4076.00
2604.00
1447.00
1996.00
6523.00
3224.00
4132.00
1772.00
397.00
56908.00
