14901 7150 2447 2043 957 141 635 13611 791 4408 477 41 9122 361 103 6376 336 146 19 4 10 37 2 9 29 24 25 727 134 46 34 16 383 270 376 199 8 40 198 36 34 53 80 41 216 174 72 102 12 27 2 48 10 44 36 8 50 36 18 37 11 62 9 2 2 54 52 97 112 121 50 15 123 67 69 1805 2694 1722 745 24 71 1646 610 1723 94 38 9 5 296 39 158 33 3 2191 71 16 448 30 18 0 2 2 7 0 1 2 0 1 1100 50 18 6 3 61 28 24 12 2 0 4 0 0 0 1 1 2 0 3 2 2 0 1 3 0 10 6 2 4 1 0 1 0 13 4 1 0 0 4 7 3 1 1 1 6 11 5 204 840 268 61 73 12
7150 27846 5095 5699 4731 462 2056 3871 379 243 82 18 1198 89 87 909 116 1813 19 4 16 89 1 19 68 67 91 298 34 20 24 9 4653 1353 2093 4846 39 135 1221 133 139 98 166 68 443 339 200 185 31 59 14 108 9 352 70 7 88 119 33 32 19 72 4 5 5 82 120 162 225 224 76 18 249 168 1303 2591 3334 2913 1191 376 103 776 428 1367 40 16 5 3 152 16 92 12 1 904 24 14 193 8 100 1 2 1 7 0 2 8 2 0 495 31 9 8 4 27 16 29 16 1 8 4 1 1 2 1 0 2 0 0 1 4 1 0 1 0 7 7 6 16 2 2 4 13 12 3 2 0 1 3 5 5 1 5 2 7 30 57 314 504 169 55 68 19
2447 5095 4325 88 56 16 30 719 22 50 31 2 6608 157 31 1722 58 4496 4 0 4 8 0 0 19 3 3 3620 211 169 134 43 610 419 895 605 2 5 238 5 14 7 55 11 86 12 69 37 15 17 3 35 15 184 13 1 19 16 4 3 3 62 8 1 1 25 30 30 41 56 33 7 149 115 786 792 2790 1070 482 1298 36 476 674 2939 18 12 9 3 62 12 49 9 1 1632 41 9 184 14 905 0 0 0 3 0 1 7 0 0 3262 110 58 35 20 65 39 142 48 1 6 9 1 1 0 4 0 8 2 5 3 4 0 0 12 1 49 4 4 6 2 2 4 11 20 6 2 0 3 8 16 15 18 2 9 31 52 124 186 735 525 126 512 7
2043 5699 88 2169 4937 2018 284 1200 215 95 73 9 725 84 152 916 146 36 24 2 55 158 3 33 130 224 190 103 18 7 12 7 5889 1182 365 416 111 277 702 214 163 67 148 74 446 237 119 135 24 33 4 73 4 29 133 25 87 193 46 23 33 67 0 8 1 84 133 196 249 197 80 15 142 108 45 2403 1524 2962 1053 2 99 413 170 310 42 20 6 0 82 23 55 14 3 460 15 31 104 24 2 1 0 2 26 0 2 14 0 0 160 15 3 6 3 18 11 5 1 0 2 0 0 0 1 0 0 0 0 0 0 0 1 0 1 0 0 9 4 12 1 1 2 10 9 8 0 0 0 0 0 0 0 1 0 2 6 1 149 196 46 17 4 10
957 4731 56 4937 5967 5279 5369 4746 1984 266 954 79 991 662 477 1510 915 11 962 14 52 183 2 47 139 373 255 141 60 16 7 8 4606 971 108 111 218 1149 264 956 400 696 199 301 710 1962 275 411 10 24 0 41 6 49 154 34 94 732 301 176 28 73 9 12 6 59 114 142 183 124 56 14 92 88 18 2668 1229 2864 951 3 102 603 195 287 73 126 50 12 458 221 276 158 15 1098 178 47 323 68 0 0 0 6 26 2 4 16 2 1 348 53 7 4 4 46 16 5 1 0 4 2 0 1 2 0 0 0 0 0 1 0 0 0 1 0 1 5 4 6 5 4 1 3 12 4 0 0 0 1 0 0 0 1 0 4 5 4 142 286 102 36 9 18
141 462 16 2018 5279 7464 4613 1004 4298 56 636 409 500 1229 3399 557 3394 4 3624 36 495 271 42 56 156 3104 922 56 116 16 6 10 11139 2435 91 608 1201 1184 1064 1052 482 1042 187 337 594 2564 270 600 11 20 0 16 0 62 200 125 163 992 458 368 65 114 18 6 10 27 77 199 134 77 36 18 28 38 24 1447 2207 2869 561 3 88 153 49 40 29 166 168 31 234 842 126 233 58 567 559 166 199 283 2 9 2 14 37 0 5 18 3 0 148 184 18 3 2 24 10 0 1 1 6 0 1 4 6 0 0 3 9 1 1 1 0 1 0 1 1 13 8 11 2 5 18 3 17 13 5 0 0 2 0 2 0 2 0 4 3 3 108 218 62 40 1 18
635 2056 30 284 5369 4613 11531 15575 19333 1263 1370 117 529 413 350 883 923 1 4429 25 163 197 5 30 23 52 17 69 49 11 2 3 104 70 33 10 17 316 77 541 205 1626 100 272 285 2962 244 1022 1 26 0 3 1 70 59 37 68 308 184 693 29 33 4 2 7 3 29 13 13 14 9 0 16 17 1 538 522 284 135 5 22 342 126 122 54 93 31 13 313 174 197 143 6 658 136 26 235 52 1 5 1 1 7 0 1 3 1 0 236 47 8 4 0 25 11 1 1 0 2 3 1 0 0 0 0 1 1 0 0 0 0 0 0 1 0 1 2 1 0 0 1 0 14 4 1 0 0 1 1 0 2 1 0 3 1 0 64 145 68 24 4 5
13611 3871 719 1200 4746 1004 15575 27743 17368 21450 9435 339 7283 1416 467 14465 2503 20 301 25 30 166 4 31 66 47 58 470 211 78 40 18 554 413 106 52 34 201 181 362 158 931 143 248 357 2171 234 942 12 28 4 24 1 72 73 7 84 166 108 316 30 121 19 8 19 27 89 82 96 88 45 5 84 102 18 2546 1569 2039 821 12 99 2043 668 635 294 206 70 21 984 208 816 219 14 3347 253 37 979 106 9 1 1 6 8 0 2 11 2 1 1096 109 25 9 4 116 28 10 14 1 8 6 2 1 3 0 0 2 1 0 0 2 1 0 1 0 1 2 4 6 4 2 2 2 22 4 2 1 0 3 4 1 3 2 1 5 10 3 317 735 312 116 22 20
791 379 22 215 1984 4298 19333 17368 29059 3682 7477 5183 335 952 2328 1006 7389 6 9584 3954 1151 3379 23 177 107 679 22 114 211 13 8 2 296 227 55 67 23 82 169 472 191 5236 121 716 285 8442 532 4636 23 118 1 7 6 197 622 122 1042 74 155 5608 464 78 9 2 107 12 377 49 40 33 19 4 31 38 14 1867 5062 1079 389 7 87 263 82 38 70 524 582 135 568 3045 341 694 269 1455 1802 623 426 1034 4 52 10 81 61 2 5 11 12 0 424 768 73 8 8 94 29 2 4 2 6 2 5 5 24 0 9 4 43 2 0 0 0 0 0 1 3 9 5 14 5 5 66 8 57 21 6 2 0 20 4 0 1 2 2 6 4 1 337 489 218 92 1 19
4408 243 50 95 266 56 1263 21450 3682 3413 2293 42 652 89 40 2261 242 3 12 3 1 8 0 0 1 0 0 17 8 3 2 1 24 24 4 5 0 1 10 11 5 45 4 13 7 98 8 45 1 5 0 1 0 5 2 0 2 2 1 19 3 10 0 0 1 4 5 6 9 2 6 1 1 8 1 117 89 115 46 0 8 104 32 20 19 8 5 2 44 16 30 12 1 185 12 3 61 3 0 0 0 1 4 0 0 1 0 0 63 7 0 0 0 3 2 1 0 0 0 1 0 0 0 0 0 0 0 0 0 0 0 0 0 0 0 1 0 3 1 0 0 0 4 1 0 0 0 2 2 0 0 0 0 1 0 0 17 40 16 6 1 1
477 82 31 73 954 636 1370 9435 7477 2293 6693 1436 667 759 143 5446 6265 2 82 6 5 31 1 3 15 18 8 47 47 11 2 1 117 83 9 9 3 6 16 4 11 21 6 8 20 36 4 40 1 2 0 3 1 4 13 0 20 14 3 24 6 25 5 2 0 3 12 23 23 17 7 0 11 21 3 768 399 423 143 0 23 149 50 37 30 143 48 9 215 223 131 170 8 523 139 21 135 52 1 1 0 1 4 0 1 4 2 1 170 81 9 1 0 13 7 0 0 0 3 1 0 0 3 0 0 0 2 0 1 0 0 0 0 1 0 2 1 2 0 0 2 3 14 2 1 0 0 0 1 2 0 1 0 1 2 0 58 109 43 26 1 5
41 18 2 9 79 409 117 339 5183 42 1436 1715 19 36 927 65 5155 0 445 680 197 717 1 6 62 137 3 6 7 2 0 0 31 25 4 13 5 0 10 3 9 62 1 16 9 133 7 120 5 2 0 1 0 2 12 25 349 3 3 135 77 92 5 1 10 0 55 30 0 2 1 0 2 6 2 293 239 153 61 2 22 8 4 1 6 17 34 6 16 235 10 28 44 63 156 78 20 105 0 7 1 19 10 0 0 6 1 0 16 82 5 1 1 4 6 0 0 0 0 0 1 1 1 1 0 2 6 1 0 0 0 0 0 0 0 1 1 0 3 1 7 3 5 2 1 0 0 3 1 0 0 0 0 1 1 0 17 24 17 6 1 3
9122 1198 6608 725 991 500 529 7283 335 652 667 19 23560 6654 633 15370 994 320 34 6 8 40 0 8 60 29 45 21089 3880 781 605 276 462 444 273 111 14 24 193 21 26 17 65 18 178 38 72 44 13 18 3 38 60 77 42 3 69 44 14 4 20 457 121 4 3 59 65 119 151 155 73 17 115 140 83 2348 3367 2336 841 123 88 3003 881 2044 292 345 137 36 985 432 825 420 14 9458 831 109 1865 182 84 3 1 9 20 0 2 14 7 0 7175 989 106 60 66 188 91 33 20 0 3 16 1 4 6 2 0 2 6 2 0 1 2 0 9 2 7 17 4 9 9 6 7 3 131 19 4 1 5 14 15 14 8 10 5 6 14 9 491 1261 664 194 106 19
361 89 157 84 662 1229 413 1416 952 89 759 36 6654 4439 3065 1992 1841 14 357 8 23 20 1 2 74 110 17 1846 4098 447 107 104 177 102 19 34 14 6 54 6 6 7 6 3 22 17 8 8 2 1 2 4 23 27 16 3 37 14 3 6 6 433 114 6 1 8 11 23 22 17 29 3 31 25 11 1306 747 578 299 3 65 233 58 40 42 243 279 49 245 1026 175 349 74 1446 1709 246 284 362 6 9 0 17 6 0 1 8 2 0 674 1005 65 17 16 48 17 2 1 1 4 2 3 2 9 0 4 0 21 2 1 1 2 0 0 2 1 2 3 7 1 4 18 1 80 24 3 0 0 3 7 1 0 2 2 3 2 3 202 302 131 55 2 11
103 87 31 152 477 3399 350 467 2328 40 143 927 633 3065 5346 242 3346 12 3636 1180 7220 3332 93 105 2681 3536 340 193 3256 2103 44 18 564 585 37 115 112 26 226 43 21 55 9 9 34 66 21 38 4 2 0 5 10 11 218 109 659 38 7 65 42 1485 434 8 5 12 36 57 49 24 24 7 74 63 36 6819 1711 3025 1355 4 519 117 76 17 56 149 692 83 146 3847 114 274 2093 545 2343 9295 188 5603 4 432 263 1819 3267 21 107 500 166 2 176 1926 1756 25 12 200 133 7 10 9 19 24 16 15 44 1 6 7 95 1 13 0 1 0 1 1 1 190 26 54 24 32 260 52 189 95 5 5 0 63 60 2 0 5 2 45 18 23 1101 719 545 217 2 142
6376 909 1722 916 1510 557 883 14465 1006 2261 5446 65 15370 1992 242 7166 1953 53 21 5 3 32 1 10 41 36 30 1318 309 125 83 43 367 281 131 57 6 27 93 22 24 15 51 7 132 46 30 36 8 9 3 25 8 19 30 8 46 33 12 11 5 129 34 2 1 38 60 64 110 93 38 10 75 55 34 1727 1431 1676 718 11 65 1416 419 573 162 147 58 22 528 149 503 155 8 2890 209 33 748 59 12 1 0 4 11 0 4 4 2 0 1291 148 19 10 6 76 25 6 4 1 3 2 2 0 2 0 0 2 2 0 0 0 0 0 2 0 5 2 6 6 4 1 3 2 15 4 0 0 0 2 0 0 2 2 2 5 9 3 267 492 241 88 25 16
336 116 58 146 915 3394 923 2503 7389 242 6265 5155 994 1841 3346 1953 5209 5 2682 3212 3923 4794 61 65 856 1610 175 134 184 65 12 7 473 464 21 102 55 20 166 26 20 75 16 17 49 115 10 93 2 2 1 9 3 7 137 189 785 47 16 144 95 366 53 6 12 9 90 68 47 24 14 3 47 48 27 4317 1309 2146 992 1 287 121 39 23 24 163 269 46 180 1493 137 239 509 666 874 1816 162 1338 3 112 70 493 614 1 5 59 32 1 198 531 315 10 6 85 36 3 2 5 6 2 7 5 9 0 1 2 43 1 3 0 1 0 0 1 0 33 12 23 7 12 56 23 43 14 1 1 0 5 12 1 0 0 0 10 7 4 282 276 157 75 4 66
146 1813 4496 36 11 4 1 20 6 3 2 0 320 14 12 53 5 1948 3 0 2 10 0 0 6 6 4 1818 236 209 186 64 760 516 715 329 0 3 142 4 7 6 19 4 40 2 55 24 5 13 6 22 14 250 7 3 22 7 2 1 3 53 9 0 2 6 12 31 38 55 22 12 218 285 847 255 1151 1066 116 2045 9 83 333 1012 4 7 2 1 12 3 8 5 0 229 10 4 32 4 702 0 0 0 2 0 0 2 0 0 1826 151 50 41 25 40 54 218 68 1 3 23 5 1 1 4 0 5 2 8 2 8 5 2 18 9 76 7 0 28 7 1 4 15 31 3 5 0 5 5 20 22 23 9 12 49 73 204 82 333 443 110 400 5
19 19 4 24 962 3624 4429 301 9584 12 82 445 34 357 3636 21 2682 3 6074 369 4704 876 129 103 21 758 102 15 83 10 3 4 38 47 6 8 8 77 31 207 58 1094 29 111 82 1477 104 492 4 20 0 0 0 33 177 106 107 117 143 722 40 27 3 0 9 1 21 7 3 2 2 1 0 4 1 322 903 121 67 0 20 26 16 3 7 73 126 32 54 758 25 110 78 196 480 169 40 270 2 19 2 25 19 0 1 12 7 0 51 192 15 1 0 12 4 0 1 0 1 0 5 1 6 0 0 0 13 0 2 0 0 0 0 0 0 5 3 2 0 3 18 2 11 3 0 0 0 1 1 0 0 0 0 1 1 0 72 88 44 24 0 8
4 4 0 2 14 36 25 25 3954 3 6 680 6 8 1180 5 3212 0 369 2377 1281 8928 12 70 136 65 31 1 9 9 0 0 22 53 2 3 3 1 5 5 2 203 2 27 6 305 15 201 2 9 0 1 0 7 68 42 322 2 4 557 109 7 0 0 14 2 46 5 0 0 0 0 1 1 2 196 123 158 70 0 28 5 4 1 5 7 51 5 8 399 8 10 289 17 111 773 10 553 0 65 14 199 189 1 3 14 14 0 2 103 84 1 0 20 7 1 0 2 2 1 5 3 6 0 0 1 10 0 2 0 1 0 0 0 1 11 2 2 4 3 29 6 8 5 0 0 0 3 3 0 0 0 0 2 0 2 92 79 40 17 0 7
10 16 4 55 52 495 163 30 1151 1 5 197 8 23 7220 3 3923 2 4704 1281 4634 5636 4693 2937 119 2477 1072 2 93 25 0 2 175 206 6 14 61 66 72 227 55 1160 24 63 70 1094 41 278 0 11 0 1 0 13 1905 572 379 206 242 1150 116 45 5 1 3 2 35 21 11 4 2 0 6 4 4 1185 767 766 436 0 115 25 12 4 8 16 121 16 20 940 13 27 586 32 375 1377 14 1048 3 88 32 351 247 1 7 42 27 0 7 290 158 2 0 27 20 0 1 4 1 4 7 3 20 0 2 2 25 0 0 0 0 0 0 0 0 25 3 8 8 2 54 9 24 11 0 1 0 5 8 0 0 0 0 5 4 5 156 222 89 26 0 31
37 89 8 158 183 271 197 166 3379 8 31 717 40 20 3332 32 4794 10 876 8928 5636 9731 477 9159 694 453 625 8 22 55 1 1 446 1521 36 124 19 18 66 40 10 1250 20 117 22 1487 62 964 7 20 1 3 4 24 3516 390 1263 86 27 3575 431 46 3 2 47 4 128 24 4 3 1 2 41 5 43 4224 1566 3235 1621 1 677 21 33 7 20 27 210 12 24 1082 16 13 1377 40 191 7374 12 3830 3 330 367 1678 4948 32 173 674 111 4 11 238 1438 10 1 130 77 4 8 11 18 13 6 6 21 0 4 0 50 0 10 1 1 0 1 0 3 284 39 68 35 13 153 41 119 77 4 6 0 69 50 0 0 0 0 48 6 17 550 435 316 106 3 143
2 1 0 3 2 42 5 4 23 0 1 1 0 1 93 1 61 0 129 12 4693 477 926 902 26 793 2209 0 1 0 0 0 12 45 1 2 22 12 10 14 1 59 1 3 5 40 5 11 0 1 0 0 0 0 3270 126 20 35 17 72 10 4 0 0 0 0 2 0 1 0 0 0 1 0 0 93 29 81 36 0 4 0 1 0 0 1 0 0 0 10 0 0 21 0 1 78 0 28 0 1 2 18 54 0 0 27 1 0 0 2 17 0 0 1 0 0 0 0 1 0 0 0 0 0 0 0 1 0 1 0 0 0 0 0 0 4 0 2 0 0 1 0 1 5 0 0 0 1 0 0 0 0 0 0 0 0 4 5 7 2 0 4
9 19 0 33 47 56 30 31 177 0 3 6 8 2 105 10 65 0 103 70 2937 9159 902 1522 1405 396 383 1 2 3 1 1 91 472 5 28 23 17 18 8 1 149 1 7 4 168 7 69 0 1 0 0 0 0 9056 222 112 125 40 362 42 3 2 1 2 1 6 4 0 0 1 0 15 0 14 803 177 636 383 0 151 1 2 2 1 0 7 0 0 21 0 1 25 4 3 288 3 136 0 1 12 33 363 0 26 311 11 0 0 4 59 5 0 5 11 0 2 4 8 6 1 3 2 0 0 1 2 0 0 0 0 0 0 0 0 99 12 26 18 8 9 3 21 52 0 0 0 2 2 0 0 0 0 5 2 1 29 6 8 12 1 25
29 68 19 130 139 156 23 66 107 1 15 62 60 74 2681 41 856 6 21 136 119 694 26 1405 4703 120 321 37 177 797 98 3 319 1812 34 124 112 176 67 34 9 6 1 2 9 7 3 13 0 0 0 0 3 4 894 728 645 948 258 16 35 728 993 1 4 0 12 18 2 1 0 1 56 4 66 3890 732 2330 1407 3 601 6 35 9 13 5 42 1 0 56 4 2 65 19 13 3243 4 1295 2 17 113 185 4259 10 414 4669 83 13 8 20 933 330 15 87 98 12 18 68 239 32 127 56 17 0 0 30 42 0 6 1 1 0 2 3 2 1229 250 986 384 233 77 162 552 1019 11 2 0 18 34 0 1 1 2 47 50 18 347 49 153 116 3 150
24 67 3 224 373 3104 52 47 679 0 18 137 29 110 3536 36 1610 6 758 65 2477 453 793 396 120 1846 3476 8 74 12 9 4 2330 1963 21 188 1608 699 541 697 161 406 45 83 157 657 65 110 1 4 0 1 1 10 799 787 192 1056 513 351 62 86 1 12 0 8 35 168 42 15 19 9 17 16 7 1652 591 2080 928 7 148 10 5 4 5 18 59 8 13 382 22 45 123 47 203 325 18 307 0 18 2 63 96 1 5 57 6 0 12 126 37 5 1 9 7 0 1 1 5 0 2 1 5 0 0 0 5 0 0 0 0 0 0 0 0 23 5 10 7 5 10 2 17 17 0 0 0 4 4 0 0 0 5 7 7 3 58 46 31 22 3 39
25 91 3 190 255 922 17 58 22 0 8 3 45 17 340 30 175 4 102 31 1072 625 2209 383 321 3476 4644 7 2 4 10 5 1866 4650 25 229 2156 1309 890 1310 101 86 9 9 40 66 9 20 1 1 0 1 1 5 3101 1997 204 4248 699 115 38 92 1 14 0 3 27 168 18 4 16 7 18 3 16 774 185 2767 1156 1 190 5 0 6 4 0 5 0 3 17 3 1 18 5 4 227 2 115 3 2 10 13 317 4 28 164 7 2 3 5 37 8 1 5 8 6 0 0 10 0 1 0 1 0 0 1 4 0 1 0 1 0 0 0 0 64 8 19 19 6 5 8 17 28 1 0 0 1 6 1 0 1 4 3 7 0 38 17 16 10 0 56
727 298 3620 103 141 56 69 470 114 17 47 6 21089 1846 193 1318 134 1818 15 1 2 8 0 1 37 8 7 17620 6381 2229 1573 670 68 108 97 35 1 5 48 2 10 2 17 6 42 6 26 11 4 6 7 14 120 131 14 4 12 1 2 4 2 695 140 2 2 16 16 34 27 37 57 4 59 86 115 371 1169 544 182 676 26 1137 463 1223 173 80 28 6 284 67 236 78 6 5346 344 40 592 51 384 2 2 2 11 2 2 6 2 0 16647 2148 410 250 181 129 56 66 29 0 4 8 2 1 2 0 1 6 1 3 1 5 1 0 3 11 25 5 2 10 4 1 3 7 256 18 6 0 0 9 12 19 12 12 5 16 28 42 259 693 482 128 244 7
134 34 211 18 60 116 49 211 211 8 47 7 3880 4098 3256 309 184 236 83 9 93 22 1 2 177 74 2 6381 6171 3736 1156 586 23 20 26 10 10 3 14 0 0 4 2 0 5 3 5 2 2 0 10 8 136 139 10 4 47 2 1 4 2 1432 477 22 0 0 1 6 3 25 91 10 36 58 20 217 266 142 55 144 12 126 52 82 19 81 139 17 91 506 74 110 116 1068 900 513 140 446 48 23 1 51 20 1 1 4 11 0 3164 3353 406 124 49 41 19 6 0 0 3 2 3 2 5 0 0 1 5 0 4 0 0 1 1 2 2 5 3 5 3 1 24 4 125 21 2 0 0 3 7 2 2 4 2 4 4 5 169 163 113 44 16 12
46 20 169 7 16 16 11 78 13 3 11 2 781 447 2103 125 65 209 10 9 25 55 0 3 797 12 4 2229 3736 2848 1003 295 5 6 12 2 0 2 5 3 1 1 1 0 3 3 2 3 1 1 4 1 52 51 24 4 92 5 0 1 1 1577 983 8 0 0 0 4 1 9 8 6 9 30 17 66 142 52 34 130 6 33 23 63 10 7 44 3 11 96 11 14 119 228 77 1158 22 447 19 25 20 210 472 1 16 228 28 2 869 955 1087 106 16 32 32 5 7 0 6 3 13 1 3 0 0 2 4 0 0 0 0 1 0 1 1 49 11 19 12 12 10 4 105 70 6 0 0 2 6 3 1 2 2 10 0 6 128 69 66 33 14 8
34 24 134 12 7 6 2 40 8 2 2 0 605 107 44 83 12 186 3 0 0 1 0 1 98 9 10 1573 1156 1003 832 1166 11 70 29 13 33 44 36 23 13 4 4 14 12 40 13 125 4 6 14 7 155 204 13 19 202 60 64 10 3 2232 514 25 2 4 7 23 11 25 48 18 35 122 24 134 128 102 50 99 9 9 25 43 3 1 2 0 2 5 2 0 0 111 8 11 8 2 26 0 0 1 11 0 0 81 4 1 458 204 70 313 43 15 28 15 8 4 14 6 20 4 2 2 1 10 8 2 2 0 1 1 1 5 2 7 9 272 23 11 11 77 393 52 13 0 0 2 18 4 0 5 5 9 19 4 32 13 27 22 11 12
16 9 43 7 8 10 3 18 2 1 1 0 276 104 18 43 7 64 4 0 2 1 0 1 3 4 5 670 586 295 1166 128 10 40 75 8 30 13 30 17 23 7 4 6 7 16 16 49 45 9 41 133 677 689 0 1 36 19 18 8 9 169 3 101 8 40 61 639 62 145 356 311 116 311 43 58 56 49 31 45 7 7 8 26 2 0 3 0 1 0 2 0 0 41 18 0 3 0 9 0 0 0 0 0 0 0 1 0 174 36 1 21 219 4 6 19 3 2 3 3 11 5 1 1 0 6 3 3 9 8 7 12 10 16 34 0 0 6 1 0 2 1 8 0 100 1 3 8 160 23 12 47 185 38 42 3 22 8 12 15 2 0
383 4653 610 5889 4606 11139 104 554 296 24 117 31 462 177 564 367 473 760 38 22 175 446 12 91 319 2330 1866 68 23 5 11 10 12617 6618 807 1174 1083 630 1371 322 155 60 117 64 350 228 75 71 20 27 4 51 6 226 426 85 197 712 131 22 39 112 9 17 2 46 87 218 192 133 52 26 28 34 299 300 477 2871 200 93 15 36 17 42 4 9 6 0 17 36 10 12 14 91 33 70 29 36 6 5 1 17 62 0 1 45 0 0 64 30 9 8 0 6 5 2 2 3 6 2 2 3 1 0 0 0 5 0 0 0 0 0 0 0 1 13 5 56 10 5 5 24 25 16 1 0 0 2 2 1 3 4 3 7 10 2 32 23 24 13 3 3
270 1353 419 1182 971 2435 70 413 227 24 83 25 444 102 585 281 464 516 47 53 206 1521 45 472 1812 1963 4650 108 20 6 70 40 6618 8259 1161 4750 2438 2753 7960 1291 431 43 50 39 268 142 45 83 21 10 1 59 17 398 2839 414 1646 4917 599 126 264 933 37 100 8 94 370 1456 705 306 197 105 28 41 342 276 785 3142 118 181 17 23 20 46 3 3 12 2 8 30 10 4 15 77 28 194 19 96 21 5 10 24 154 1 17 220 7 1 67 23 32 30 11 20 48 13 8 4 25 22 20 9 7 2 0 8 12 6 7 4 2 4 4 2 7 101 28 152 38 26 29 59 68 53 13 0 0 10 30 11 7 8 21 28 36 9 78 26 71 30 11 6
376 2093 895 365 108 91 33 106 55 4 9 4 273 19 37 131 21 715 6 2 6 36 1 5 34 21 25 97 26 12 29 75 807 1161 13177 1443 11 27 4451 23 100 16 1024 43 1261 87 2361 389 436 570 665 480 192 1958 33 5 43 20 19 23 18 37 1 8 4 103 99 150 193 298 145 30 1330 1560 1853 1436 1000 1131 1381 533 76 28 41 49 2 2 0 0 5 0 2 1 1 35 2 8 5 3 27 0 0 2 2 0 2 33 2 1 42 4 2 5 16 9 39 60 23 5 7 12 10 1 2 5 1 6 3 0 0 6 4 6 11 17 26 8 5 82 15 8 7 50 26 9 6 0 4 6 29 15 20 24 32 67 152 47 153 102 108 76 31 9
199 4846 605 416 111 608 10 52 67 5 9 13 111 34 115 57 102 329 8 3 14 124 2 28 124 188 229 35 10 2 13 8 1174 4750 1443 972 314 265 4927 409 469 23 52 13 183 51 45 38 14 9 7 43 13 250 183 20 231 201 50 25 100 143 4 22 0 77 195 488 371 196 107 31 65 102 673 336 442 816 256 120 20 8 12 30 2 6 5 2 1 25 0 9 4 32 24 25 11 13 8 1 0 1 22 0 3 31 2 1 19 9 1 6 3 1 16 16 5 2 4 3 8 2 1 0 1 2 2 0 2 2 0 0 1 2 3 10 8 37 12 6 5 17 22 7 3 0 0 1 8 4 4 5 10 4 26 13 45 16 26 21 9 4
8 39 2 111 218 1201 17 34 23 0 3 5 14 14 112 6 55 0 8 3 61 19 22 23 112 1608 2156 1 10 0 33 30 1083 2438 11 314 2269 3825 3976 4143 207 37 5 3 76 47 5 9 3 2 2 4 9 5 148 72 712 1244 163 27 165 476 4 66 2 7 41 552 56 11 18 28 3 4 2 97 141 449 110 2 8 2 5 1 2 0 5 2 1 14 1 4 6 10 10 13 1 13 1 4 0 5 27 0 10 223 6 0 0 2 4 15 5 11 23 9 3 7 39 6 18 10 1 2 0 4 8 1 1 0 1 1 0 3 0 81 22 119 30 27 9 25 37 37 5 0 1 5 12 4 5 7 20 7 13 3 32 7 21 16 1 8
40 135 5 277 1149 1184 316 201 82 1 6 0 24 6 26 27 20 3 77 1 66 18 12 17 176 699 1309 5 3 2 44 13 630 2753 27 265 3825 7667 1580 6256 1366 1037 67 67 447 485 46 29 1 2 0 3 5 6 162 95 441 8151 1976 272 90 414 12 26 2 8 50 323 62 11 26 19 2 5 7 119 162 618 138 2 20 5 8 2 1 2 5 0 1 0 0 0 0 2 2 15 0 4 1 1 2 0 74 0 17 307 4 3 4 0 6 22 1 10 31 8 2 7 34 3 21 6 1 0 1 3 11 1 1 0 2 1 0 1 5 122 27 107 38 38 11 49 73 61 7 0 0 1 12 2 0 0 8 10 27 4 36 3 17 17 0 9
198 1221 238 702 264 1064 77 181 169 10 16 10 193 54 226 93 166 142 31 5 72 66 10 18 67 541 890 48 14 5 36 30 1371 7960 4451 4927 3976 1580 6497 4668 10654 147 792 77 4872 275 632 240 104 153 32 257 20 83 96 56 544 332 133 181 300 294 4 56 28 289 757 1771 1380 872 390 122 41 235 71 783 511 1244 657 90 77 17 9 15 2 4 5 3 2 39 6 8 2 33 27 15 7 31 3 3 0 0 7 0 10 92 2 0 19 9 2 17 8 9 25 6 5 11 21 9 8 6 1 0 0 4 6 0 0 2 1 0 2 2 7 31 18 183 26 21 18 74 53 33 5 0 0 3 15 4 8 13 11 22 49 5 68 20 27 27 0 11
36 133 5 214 956 1052 541 362 472 11 4 3 21 6 43 22 26 4 207 5 227 40 14 8 34 697 1310 2 0 3 23 17 322 1291 23 409 4143 6256 4668 8988 10628 8112 233 272 2509 4715 104 111 16 4 1 6 8 15 86 80 674 1561 1167 897 370 407 5 92 4 43 343 1811 510 96 122 105 7 6 1 68 59 333 99 6 15 1 4 0 2 0 0 0 1 5 1 0 1 7 6 6 2 5 1 0 1 2 21 0 7 127 2 0 4 1 1 24 7 9 21 4 2 3 19 8 15 4 0 1 1 5 8 1 2 0 1 1 0 0 2 73 22 119 20 19 14 35 54 31 12 0 0 1 18 5 0 6 15 11 24 1 35 4 12 13 0 5
34 139 14 163 400 482 205 158 191 5 11 9 26 6 21 24 20 7 58 2 55 10 1 1 9 161 101 10 0 1 13 23 155 431 100 469 207 1366 10654 10628 9285 3419 385 97 6623 3373 65 89 36 8 3 77 2 4 11 5 270 467 390 300 264 171 0 49 19 258 934 1529 1595 770 380 104 2 19 10 141 69 136 87 7 17 1 1 0 0 1 1 0 1 5 1 0 0 10 3 5 2 1 1 0 1 0 3 0 0 45 3 0 4 0 1 10 1 3 18 4 3 3 13 2 7 4 1 0 0 4 6 0 1 1 0 0 0 0 1 18 7 90 14 8 4 33 36 14 3 0 1 1 10 2 4 11 10 13 23 1 19 1 16 8 0 2
53 98 7 67 696 1042 1626 931 5236 45 21 62 17 7 55 15 75 6 1094 203 1160 1250 59 149 6 406 86 2 4 1 4 7 60 43 16 23 37 1037 147 8112 3419 9929 135 224 878 10803 119 562 2 6 0 2 1 16 182 167 469 575 3225 7213 279 62 0 5 245 18 2836 170 56 3 12 12 0 1 1 41 37 50 21 3 3 2 4 3 0 3 2 2 4 16 4 4 10 7 9 22 5 8 0 1 1 9 6 0 1 2 1 0 4 4 7 1 2 0 2 3 1 0 2 2 1 0 0 0 0 0 1 0 0 2 2 0 1 0 2 3 1 7 0 0 0 4 8 1 0 0 0 0 3 2 1 3 3 0 5 0 7 6 8 3 0 1
80 166 55 148 199 187 100 143 121 4 6 1 65 6 9 51 16 19 29 2 24 20 1 1 1 45 9 17 2 1 4 4 117 50 1024 52 5 67 792 233 385 135 579 196 3169 501 1718 489 9 13 1 11 2 14 6 3 35 71 71 60 36 18 0 3 4 24 92 151 147 82 38 10 3 12 5 113 99 123 40 32 6 1 4 2 4 0 0 0 2 1 5 1 1 14 1 0 2 0 3 0 0 0 0 0 0 8 1 0 4 0 0 3 1 1 6 1 0 0 1 2 2 2 0 1 0 2 2 0 0 0 0 0 1 1 1 2 1 18 5 0 2 8 8 0 0 0 0 0 1 0 2 2 4 6 7 4 6 3 6 9 2 1
41 68 11 74 301 337 272 248 716 13 8 16 18 3 9 7 17 4 111 27 63 117 3 7 2 83 9 6 0 0 14 6 64 39 43 13 3 67 77 272 97 224 196 707 522 7308 212 4184 40 157 4 4 6 26 13 6 108 79 138 274 90 48 0 3 35 569 284 243 89 27 25 12 1 1 1 32 25 40 12 6 3 4 3 0 0 2 0 1 0 5 0 1 1 6 2 5 1 7 0 0 0 3 3 0 1 6 1 0 2 0 2 8 4 3 16 5 3 2 2 5 5 3 0 1 2 2 6 1 2 1 2 0 1 0 3 4 0 61 6 1 4 35 24 3 6 0 0 2 14 7 2 8 16 8 24 0 13 0 8 9 0 1
216 443 86 446 710 594 285 357 285 7 20 9 178 22 34 132 49 40 82 6 70 22 5 4 9 157 40 42 5 3 12 7 350 268 1261 183 76 447 4872 2509 6623 878 3169 522 3153 2011 1190 262 44 59 5 123 9 10 16 2 230 405 332 266 168 101 0 18 13 205 575 854 904 596 219 72 12 70 6 408 261 323 163 42 27 13 10 9 1 1 1 1 5 4 1 1 1 38 1 3 16 4 3 0 0 0 1 0 2 24 1 0 18 0 0 12 3 2 17 2 2 0 3 4 8 3 1 3 0 3 4 0 0 2 0 1 2 1 2 13 8 76 12 7 7 49 32 11 2 0 0 1 8 3 4 7 7 9 40 1 19 8 12 17 2 2
174 339 12 237 1962 2564 2962 2171 8442 98 36 133 38 17 66 46 115 2 1477 305 1094 1487 40 168 7 657 66 6 3 3 40 16 228 142 87 51 47 485 275 4715 3373 10803 501 7308 2011 11389 1089 4019 7 29 0 10 2 179 178 136 670 587 1607 3483 344 218 0 10 350 70 1321 507 158 39 43 30 7 5 3 87 102 161 45 13 4 2 1 1 2 6 8 0 9 28 5 5 10 20 10 28 5 14 1 1 0 10 7 0 0 13 2 0 6 8 0 21 6 8 37 4 6 3 3 11 11 5 1 0 1 9 1 3 4 2 3 0 0 1 6 7 3 105 6 1 10 56 47 1 5 0 1 3 12 8 2 10 12 12 34 4 33 14 31 23 2 4
72 200 69 119 275 270 244 234 532 8 4 7 72 8 21 30 10 55 104 15 41 62 5 7 3 65 9 26 5 2 13 16 75 45 2361 45 5 46 632 104 65 119 1718 212 1190 1089 1085 2691 536 1140 361 138 43 825 14 5 58 75 97 143 41 30 0 3 13 81 147 172 140 155 60 25 106 285 151 498 202 171 166 65 29 5 1 6 4 0 0 0 2 0 0 0 1 14 2 3 1 0 3 0 0 0 0 0 3 22 2 0 10 2 1 9 3 3 11 9 5 2 7 0 4 5 3 1 0 3 2 0 1 0 1 2 3 4 6 2 5 101 10 9 8 62 35 11 5 0 1 1 16 9 1 10 14 24 47 7 31 15 24 15 4 6
102 185 37 135 411 600 1022 942 4636 45 40 120 44 8 38 36 93 24 492 201 278 964 11 69 13 110 20 11 2 3 125 49 71 83 389 38 9 29 240 111 89 562 489 4184 262 4019 2691 12555 2031 7568 329 49 37 1173 130 44 727 49 174 1698 742 313 1 24 333 391 2053 1095 369 163 107 59 15 35 5 99 105 158 73 21 668 3 10 7 1 1 9 2 5 19 3 2 10 12 5 38 3 22 0 3 3 8 13 0 1 30 3 0 7 4 3 55 15 32 150 37 32 6 20 40 40 17 2 6 4 27 32 6 15 16 14 9 8 3 5 7 17 507 27 9 57 275 244 15 28 2 1 17 91 31 16 49 113 63 166 3 110 18 96 89 3 9
12 31 15 24 10 11 1 12 23 1 1 5 13 2 4 8 2 5 4 2 0 7 0 0 0 1 1 4 2 1 4 45 20 21 436 14 3 1 104 16 36 2 9 40 44 7 536 2031 3102 1552 366 2126 404 710 5 0 46 1 0 15 87 24 0 4 71 2390 1141 762 350 685 67 115 79 81 14 42 42 44 20 13 10811 1 0 3 0 0 1 0 0 0 0 0 0 1 1 2 1 0 1 0 0 0 0 0 1 0 2 0 4 0 0 1 11 1 15 7 4 0 1 6 0 5 0 0 0 1 7 1 3 10 6 5 2 3 7 0 0 17 0 0 3 15 9 0 25 0 0 2 67 18 20 29 79 22 50 0 16 3 13 7 1 157
27 59 17 33 24 20 26 28 118 5 2 2 18 1 2 9 2 13 20 9 11 20 1 1 0 4 1 6 0 1 6 9 27 10 570 9 2 2 153 4 8 6 13 157 59 29 1140 7568 1552 1475 160 68 13 1105 5 1 34 2 3 19 55 13 0 2 52 804 189 170 69 98 25 13 12 15 4 20 39 43 20 21 598 1 3 2 0 0 0 0 1 1 0 0 2 6 1 2 1 1 1 0 0 1 0 0 0 2 0 0 4 2 0 0 2 4 5 3 2 1 1 1 0 2 0 0 0 3 3 0 2 3 1 2 3 0 2 0 1 36 3 1 1 12 8 1 6 0 0 0 22 5 0 6 19 7 9 0 10 2 6 5 0 2
2 14 3 4 0 0 0 4 1 0 0 0 3 2 0 3 1 6 0 0 0 1 0 0 0 0 0 7 10 4 14 41 4 1 665 7 2 0 32 1 3 0 1 4 5 0 361 329 366 160 433 526 493 1228 0 0 3 1 1 3 12 9 0 6 6 98 76 58 25 189 130 33 294 263 86 25 8 10 5 3 23 1 2 1 0 0 1 0 1 0 0 0 0 3 0 0 0 0 1 0 0 0 0 0 0 1 0 0 1 0 0 0 14 0 6 14 3 0 0 2 1 1 0 0 0 1 0 1 0 1 2 5 7 10 14 0 0 2 0 0 1 1 1 0 7 0 0 0 30 3 7 25 50 23 77 5 12 1 1 3 0 1
48 108 35 73 41 16 3 24 7 1 3 1 38 4 5 25 9 22 0 1 1 3 0 0 0 1 1 14 8 1 7 133 51 59 480 43 4 3 257 6 77 2 11 4 123 10 138 49 2126 68 526 2037 550 324 3 1 3 1 0 0 15 15 1 7 11 2340 967 333 1271 2678 484 349 103 177 15 119 98 132 50 15 822 4 2 2 0 0 0 0 0 0 1 0 0 6 1 0 0 0 2 0 0 0 0 0 0 0 1 0 11 0 0 1 21 5 4 17 1 0 0 0 2 0 0 1 0 2 2 3 3 5 0 5 8 12 23 0 1 5 1 1 3 5 3 0 20 0 2 2 51 20 18 41 77 36 97 6 24 6 14 6 1 2
10 9 15 4 6 0 1 1 6 0 1 0 60 23 10 8 3 14 0 0 0 4 0 0 3 1 1 120 136 52 155 677 6 17 192 13 9 5 20 8 2 1 2 6 9 2 43 37 404 13 493 550 828 765 1 0 16 5 8 2 2 68 1 28 7 47 30 106 18 310 289 27 152 330 95 50 14 20 13 8 2880 1 5 2 0 0 1 0 0 2 0 0 0 9 0 1 1 4 0 0 0 0 7 0 0 1 1 0 16 6 0 0 43 3 4 16 2 0 0 1 0 1 0 0 0 0 0 1 1 4 4 5 4 11 26 2 0 1 1 0 1 0 2 0 12 0 0 2 46 25 15 38 66 44 82 6 17 3 3 6 0 192
44 352 184 29 49 62 70 72 197 5 4 2 77 27 11 19 7 250 33 7 13 24 0 0 4 10 5 131 139 51 204 689 226 398 1958 250 5 6 83 15 4 16 14 26 10 179 825 1173 710 1105 1228 324 765 2431 7 2 30 16 26 26 15 60 0 34 8 101 81 192 93 204 181 59 3168 2836 2240 293 161 149 78 121 431 1 8 16 0 0 1 0 0 0 2 0 0 12 3 1 1 0 11 0 1 0 0 0 0 13 1 0 33 10 2 2 91 5 24 48 8 0 5 11 7 3 2 1 0 2 2 4 1 9 0 30 14 25 67 2 4 43 4 1 8 27 18 6 52 0 3 1 87 45 33 87 148 130 252 19 86 13 22 18 11 66
36 70 13 133 154 200 59 73 622 2 13 12 42 16 218 30 137 7 177 68 1905 3516 3270 9056 894 799 3101 14 10 24 13 0 426 2839 33 183 148 162 96 86 11 182 6 13 16 178 14 130 5 5 0 3 1 7 10068 14853 1663 1549 898 634 184 32 43 1 13 2 43 33 0 0 0 1 68 3 44 2660 546 2582 1575 1 456 2 13 7 4 2 30 0 4 22 2 3 22 11 7 786 0 354 1 8 25 51 1388 3 192 2232 44 8 5 3 155 102 4 30 65 9 8 30 165 24 86 16 6 0 0 12 22 1 3 0 1 0 0 1 3 750 135 388 227 125 34 66 222 469 7 0 0 6 8 3 0 1 1 25 37 15 151 27 68 68 3 119
8 7 1 25 34 125 37 7 122 0 0 25 3 3 109 8 189 3 106 42 572 390 126 222 728 787 1997 4 4 4 19 1 85 414 5 20 72 95 56 80 5 167 3 6 2 136 5 44 0 1 0 1 0 2 14853 8026 5397 4448 6184 693 319 24 9 0 5 0 9 5 2 1 0 0 14 3 9 275 70 312 191 2 38 3 7 1 2 0 3 0 1 7 1 0 2 1 1 71 1 27 0 1 3 3 118 0 28 395 10 2 1 1 12 40 1 11 32 3 5 13 56 9 32 6 5 0 0 10 16 0 0 0 0 0 0 0 1 149 50 304 89 49 32 93 139 124 3 0 0 0 1 0 0 2 1 11 27 4 39 1 23 19 1 20
50 88 19 87 94 163 68 84 1042 2 20 349 69 37 659 46 785 22 107 322 379 1263 20 112 645 192 204 12 47 92 202 36 197 1646 43 231 712 441 544 674 270 469 35 108 230 670 58 727 46 34 3 3 16 30 1663 5397 6340 1211 7016 3651 10987 933 308 289 112 22 423 655 6 3 23 39 52 28 43 2029 431 1412 818 13 202 5 46 7 8 4 17 2 4 35 0 4 47 10 21 193 0 102 5 11 3 49 97 1 17 594 21 4 10 9 44 223 27 54 154 70 40 34 98 45 119 47 11 4 1 43 89 9 13 3 3 6 3 2 17 179 122 2112 180 130 141 834 946 261 14 1 5 11 52 14 10 26 64 98 240 16 242 49 134 133 5 63
36 119 16 193 732 992 308 166 74 2 14 3 44 14 38 33 47 7 117 2 206 86 35 125 948 1056 4248 1 2 5 60 19 712 4917 20 201 1244 8151 332 1561 467 575 71 79 405 587 75 49 1 2 1 1 5 16 1549 4448 1211 5781 5660 534 76 634 40 8 2 1 8 49 8 2 9 3 30 2 22 504 275 2046 774 2 133 4 4 2 7 2 8 1 1 6 2 2 1 11 5 163 0 55 3 2 5 10 401 2 89 825 13 0 3 2 28 42 3 19 38 12 5 13 64 7 20 5 3 3 0 3 12 1 0 1 1 0 0 1 2 360 54 150 99 49 13 31 93 123 7 0 1 3 5 6 2 4 6 13 34 8 88 7 37 38 2 45
18 33 4 46 301 458 184 108 155 1 3 3 14 3 7 12 16 2 143 4 242 27 17 40 258 513 699 2 1 0 64 18 131 599 19 50 163 1976 133 1167 390 3225 71 138 332 1607 97 174 0 3 1 0 8 26 898 6184 7016 5660 5735 3345 1827 879 10 17 2 4 28 49 9 4 6 13 7 4 7 196 63 335 181 2 37 1 5 1 1 0 2 0 1 3 0 2 0 5 2 42 0 11 1 1 2 3 124 1 21 266 6 1 2 0 5 29 6 4 34 4 5 6 26 1 15 3 1 0 0 5 11 1 1 1 4 0 1 0 2 130 32 105 42 33 7 40 54 49 3 0 2 2 14 4 1 5 12 10 22 2 38 5 16 24 0 9
37 32 3 23 176 368 693 316 5608 19 24 135 4 6 65 11 144 1 722 557 1150 3575 72 362 16 351 115 4 4 1 10 8 22 126 23 25 27 272 181 897 300 7213 60 274 266 3483 143 1698 15 19 3 0 2 26 634 693 3651 534 3345 4281 7069 163 0 9 159 4 756 386 1 1 3 4 4 6 4 107 43 130 50 1 19 1 2 0 1 2 4 2 1 25 3 3 24 6 12 68 2 44 0 2 1 13 38 1 2 4 0 0 1 6 7 5 2 1 5 0 1 0 0 0 2 1 0 0 1 0 1 0 2 0 0 0 0 0 1 3 0 13 1 0 1 6 8 2 0 0 0 1 4 2 1 3 9 0 5 1 11 12 10 3 0 5
11 19 3 33 28 65 29 30 464 3 6 77 20 6 42 5 95 3 40 109 116 431 10 42 35 62 38 2 2 1 3 9 39 264 18 100 165 90 300 370 264 279 36 90 168 344 41 742 87 55 12 15 2 15 184 319 10987 76 1827 7069 4773 168 0 28 206 46 929 1316 1 1 2 6 7 1 7 173 45 198 146 3 17 0 0 0 1 1 3 0 0 10 0 0 11 1 2 38 0 20 0 3 1 9 11 0 1 12 0 1 3 2 8 1 6 0 6 0 0 1 1 1 0 1 0 0 0 0 3 0 0 2 3 1 1 2 2 4 2 20 1 0 3 12 13 3 4 1 1 0 11 5 0 4 17 2 6 0 10 5 5 3 0 5
62 72 62 67 73 114 33 121 78 10 25 92 457 433 1485 129 366 53 27 7 45 46 4 3 728 86 92 695 1432 1577 2232 169 112 933 37 143 476 414 294 407 171 62 18 48 101 218 30 313 24 13 9 15 68 60 32 24 933 634 879 163 168 3575 2842 1751 20 11 67 207 15 32 237 188 44 24 29 1643 435 913 511 38 165 15 64 18 7 10 19 3 10 28 8 11 9 100 71 134 13 63 10 4 1 20 57 1 12 406 8 1 213 114 97 487 40 66 166 64 37 18 67 48 84 35 15 9 7 38 56 13 19 14 10 7 5 5 16 109 59 1492 86 64 105 627 933 207 29 0 1 5 72 24 11 31 85 75 182 9 209 50 148 147 10 54
9 4 8 0 9 18 4 19 9 0 5 5 121 114 434 34 53 9 3 0 5 3 0 2 993 1 1 140 477 983 514 3 9 37 1 4 4 12 4 5 0 0 0 0 0 0 0 1 0 0 0 1 1 0 43 9 308 40 10 0 0 2842 615 6 0 0 0 0 0 0 0 2 3 0 1 59 23 38 21 7 4 3 8 5 2 2 3 0 1 6 1 2 2 18 33 46 2 11 3 2 0 1 47 0 12 277 1 4 55 34 42 84 3 5 7 5 2 3 20 3 19 8 1 0 0 4 8 0 1 0 0 0 0 0 2 65 36 270 37 27 9 40 113 91 2 0 0 1 3 0 0 0 1 6 7 2 17 4 11 8 0 2
2 5 1 8 12 6 2 8 2 0 2 1 4 6 8 2 6 0 0 0 1 2 0 1 1 12 14 2 22 8 25 101 17 100 8 22 66 26 56 92 49 5 3 3 18 10 3 24 4 2 6 7 28 34 1 0 289 8 17 9 28 1751 6 1206 1 11 23 1333 25 80 802 3029 7 10 5 91 10 73 46 2 8 0 5 0 1 0 0 0 0 1 0 0 0 0 1 2 0 3 0 0 0 0 0 0 0 0 1 0 1 3 0 6 55 8 21 21 1 1 0 3 1 3 0 1 2 0 0 3 4 6 5 6 6 7 10 0 2 16 1 0 7 8 39 0 40 1 2 2 87 27 7 37 110 24 29 3 14 0 3 3 3 6
2 5 1 1 6 10 7 19 107 1 0 10 3 1 5 1 12 2 9 14 3 47 0 2 4 0 0 2 0 0 2 8 2 8 4 0 2 2 28 4 19 245 4 35 13 350 13 333 71 52 6 11 7 8 13 5 112 2 2 159 206 20 0 1 150 444 1252 335 17 3 2 4 1 4 0 11 5 14 8 0 1 0 1 0 0 0 1 0 0 3 0 0 2 1 0 5 0 3 1 1 0 2 1 0 0 0 0 0 0 0 1 3 2 0 1 2 2 0 2 4 1 1 0 0 0 1 0 0 1 1 1 1 1 2 1 1 0 2 1 0 0 6 6 0 4 0 0 4 16 4 2 7 22 1 5 0 7 3 2 1 1 0
54 82 25 84 59 27 3 27 12 4 3 0 59 8 12 38 9 6 1 2 2 4 0 1 0 8 3 16 0 0 4 40 46 94 103 77 7 8 289 43 258 18 24 569 205 70 81 391 2390 804 98 2340 47 101 2 0 22 1 4 4 46 11 0 11 444 2069 2511 1506 833 267 78 240 18 52 5 207 131 170 101 21 1174 4 6 3 0 0 0 0 1 0 0 0 2 6 1 1 0 1 0 0 0 0 0 0 0 0 2 0 6 0 0 2 15 5 34 18 1 0 6 2 2 3 1 0 1 3 0 1 3 6 6 12 13 9 14 0 1 33 5 0 6 12 18 1 29 0 6 6 78 38 11 52 114 33 75 5 29 8 19 11 0 15
52 120 30 133 114 77 29 89 377 5 12 55 65 11 36 60 90 12 21 46 35 128 2 6 12 35 27 16 1 0 7 61 87 370 99 195 41 50 757 343 934 2836 92 284 575 1321 147 2053 1141 189 76 967 30 81 43 9 423 8 28 756 929 67 0 23 1252 2511 8975 6315 3978 203 1132 829 10 44 21 596 165 429 265 41 128 4 4 1 1 1 3 0 0 7 1 0 7 11 2 20 2 25 1 1 2 13 6 0 0 8 2 0 6 0 1 2 31 8 29 22 7 4 6 12 7 4 1 1 0 2 3 2 7 15 9 10 15 8 14 0 4 41 5 0 5 19 20 0 55 1 5 9 124 41 16 56 156 38 97 5 43 14 15 22 0 6
97 162 30 196 142 199 13 82 49 6 23 30 119 23 57 64 68 31 7 5 21 24 0 4 18 168 168 34 6 4 23 639 218 1456 150 488 552 323 1771 1811 1529 170 151 243 854 507 172 1095 762 170 58 333 106 192 33 5 655 49 49 386 1316 207 0 1333 335 1506 6315 6350 865 354 1941 3930 63 105 65 1790 286 1331 925 23 207 3 10 2 1 2 3 1 2 3 2 0 4 18 1 12 1 12 1 0 0 2 3 0 0 7 8 3 13 4 2 15 320 53 157 117 26 6 14 56 46 43 3 6 6 28 31 18 26 89 95 72 71 80 124 2 5 150 12 7 24 102 72 5 401 4 41 62 925 305 78 498 1584 308 666 34 220 17 112 99 7 31
112 225 41 249 183 134 13 96 40 9 23 0 151 22 49 110 47 38 3 0 11 4 1 0 2 42 18 27 3 1 11 62 192 705 193 371 56 62 1380 510 1595 56 147 89 904 158 140 369 350 69 25 1271 18 93 0 2 6 8 9 1 1 15 0 25 17 833 3978 865 3825 1679 5814 1512 31 57 36 1246 328 870 618 49 2752 2 4 6 0 0 0 0 0 0 0 0 1 20 0 1 3 0 3 0 1 0 0 0 0 2 3 0 14 1 0 3 35 9 43 17 9 1 4 12 13 7 1 2 5 5 5 2 8 23 12 11 24 14 34 0 3 63 3 1 11 44 37 0 61 0 4 8 170 61 18 110 329 68 155 12 59 10 47 26 3 47
121 224 56 197 124 77 14 88 33 2 17 2 155 17 24 93 24 55 2 0 4 3 0 0 1 15 4 37 25 9 25 145 133 306 298 196 11 11 872 96 770 3 82 27 596 39 155 163 685 98 189 2678 310 204 0 1 3 2 4 1 1 32 0 80 3 267 203 354 1679 4528 3010 1255 62 198 37 757 320 570 391 43 3145 3 10 2 1 0 1 0 1 2 1 2 0 13 1 0 0 1 2 0 0 0 0 0 1 3 0 0 11 6 0 4 31 5 22 30 7 0 0 8 5 3 2 2 1 1 0 3 2 13 3 17 16 16 29 0 0 23 3 1 5 8 17 1 27 0 6 3 63 23 118 56 144 69 173 14 69 12 16 18 3 144
50 76 33 80 56 36 9 45 19 6 7 1 73 29 24 38 14 22 2 0 2 1 0 1 0 19 16 57 91 8 48 356 52 197 145 107 18 26 390 122 380 12 38 25 219 43 60 107 67 25 130 484 289 181 0 0 23 9 6 3 2 237 0 802 2 78 1132 1941 5814 3010 2904 5615 70 107 26 483 144 269 186 20 27 4 18 4 2 0 2 0 1 0 1 0 0 9 3 1 1 0 1 0 1 0 0 0 0 3 1 0 21 3 2 4 191 10 53 73 13 2 5 16 8 11 0 2 1 12 12 3 13 27 18 33 48 61 101 0 1 75 7 1 10 45 36 3 182 1 15 22 383 137 66 233 764 172 383 15 91 14 42 27 5 7
15 18 7 15 14 18 0 5 4 1 0 0 17 3 7 10 3 12 1 0 0 2 0 0 1 9 7 4 10 6 18 311 26 105 30 31 28 19 122 105 104 12 10 12 72 30 25 59 115 13 33 349 27 59 1 0 39 3 13 4 6 188 2 3029 4 240 829 3930 1512 1255 5615 2920 21 44 8 269 32 117 101 6 23 2 4 1 0 1 1 0 0 0 0 1 0 1 0 2 0 0 0 0 0 0 1 1 0 3 4 0 2 1 0 8 205 25 79 60 22 4 6 26 28 19 2 4 4 15 16 4 15 40 32 25 33 42 59 1 2 131 7 7 19 66 49 1 176 2 11 22 448 138 61 307 813 132 350 13 104 2 37 41 2 2
123 249 149 142 92 28 16 84 31 1 11 2 115 31 74 75 47 218 0 1 6 41 1 15 56 17 18 59 36 9 35 116 28 28 1330 65 3 2 41 7 2 0 3 1 12 7 106 15 79 12 294 103 152 3168 68 14 52 30 7 4 7 44 3 7 1 18 10 63 31 62 70 21 3130 2483 6240 1995 789 257 331 170 64 12 37 22 4 2 7 0 3 7 4 3 4 28 4 12 6 15 14 0 0 3 18 0 2 82 7 1 17 7 2 11 22 14 36 75 20 4 13 18 22 11 6 1 0 8 7 5 3 8 3 20 13 17 47 22 17 150 40 18 17 79 57 20 19 1 4 3 65 25 36 44 95 154 313 46 163 65 58 77 29 142
67 168 115 108 88 38 17 102 38 8 21 6 140 25 63 55 48 285 4 1 4 5 0 0 4 16 3 86 58 30 122 311 34 41 1560 102 4 5 235 6 19 1 12 1 70 5 285 35 81 15 263 177 330 2836 3 3 28 2 4 6 1 24 0 10 4 52 44 105 57 198 107 44 2483 1545 1149 2443 587 183 213 135 25 10 51 37 0 7 5 0 8 8 8 6 1 31 7 9 7 8 30 1 0 0 7 0 2 55 3 0 40 7 2 4 82 15 103 232 34 1 15 26 26 19 6 5 2 23 17 10 9 45 16 84 63 67 229 20 20 236 40 23 34 152 66 17 109 0 17 19 327 177 147 231 518 640 1391 189 412 49 64 78 40 13
69 1303 786 45 18 24 1 18 14 1 3 2 83 11 36 34 27 847 1 2 4 43 0 14 66 7 16 115 20 17 24 43 299 342 1853 673 2 7 71 1 10 1 5 1 6 3 151 5 14 4 86 15 95 2240 44 9 43 22 7 4 7 29 1 5 0 5 21 65 36 37 26 8 6240 1149 5867 1516 503 277 954 453 111 18 47 81 4 1 2 0 4 4 5 4 0 24 6 3 6 5 52 0 2 1 11 0 2 8 1 0 52 6 1 1 13 11 38 81 27 1 3 14 3 2 1 4 0 7 1 6 2 8 5 8 4 5 33 4 4 23 5 6 7 13 8 6 9 0 3 9 28 14 20 19 32 73 139 114 203 100 93 114 37 78
1805 2591 792 2403 2668 1447 538 2546 1867 117 768 293 2348 1306 6819 1727 4317 255 322 196 1185 4224 93 803 3890 1652 774 371 217 66 134 58 300 276 1436 336 97 119 783 68 141 41 113 32 408 87 498 99 42 20 25 119 50 293 2660 275 2029 504 196 107 173 1643 59 91 11 207 596 1790 1246 757 483 269 1995 2443 1516 12485 10437 2060 1684 380 2212 306 231 89 79 90 110 12 114 454 115 105 162 593 378 728 171 528 26 19 25 114 437 3 26 287 23 1 260 181 119 71 25 72 100 91 29 6 30 25 40 14 9 4 2 17 24 6 8 10 5 15 7 12 40 95 30 385 44 40 62 184 225 51 25 1 1 18 70 48 39 40 88 148 263 87 1744 451 226 277 31 134
2694 3334 2790 1524 1229 2207 522 1569 5062 89 399 239 3367 747 1711 1431 1309 1151 903 123 767 1566 29 177 732 591 185 1169 266 142 128 56 477 785 1000 442 141 162 511 59 69 37 99 25 261 102 202 105 42 39 8 98 14 161 546 70 431 275 63 43 45 435 23 10 5 131 165 286 328 320 144 32 789 587 503 10437 11500 6342 2533 671 656 327 235 711 26 29 27 4 86 123 55 34 33 704 123 223 118 120 93 6 9 53 123 0 3 67 3 1 585 86 71 19 7 36 33 76 38 4 11 9 7 4 4 5 0 6 6 7 3 9 5 0 5 1 36 35 13 129 15 10 16 60 62 24 3 0 4 10 16 11 10 6 7 22 34 38 607 396 439 87 118 97
1722 2913 1070 2962 2864 2869 284 2039 1079 115 423 153 2336 578 3025 1676 2146 1066 121 158 766 3235 81 636 2330 2080 2767 544 142 52 102 49 2871 3142 1131 816 449 618 1244 333 136 50 123 40 323 161 171 158 44 43 10 132 20 149 2582 312 1412 2046 335 130 198 913 38 73 14 170 429 1331 870 570 269 117 257 183 277 2060 6342 6212 2959 1276 331 186 113 122 19 39 36 6 79 198 66 49 86 497 151 470 130 332 43 16 19 98 328 2 20 199 14 0 348 95 99 32 15 34 74 102 33 5 22 29 33 15 8 4 3 23 24 8 4 6 6 4 7 3 30 71 22 227 48 23 38 114 113 40 20 0 2 17 37 20 18 16 47 51 62 69 388 218 245 156 66 108
745 1191 482 1053 951 561 135 821 389 46 143 61 841 299 1355 718 992 116 67 70 436 1621 36 383 1407 928 1156 182 55 34 50 31 200 118 1381 256 110 138 657 99 87 21 40 12 163 45 166 73 20 20 5 50 13 78 1575 191 818 774 181 50 146 511 21 46 8 101 265 925 618 391 186 101 331 213 954 1684 2533 2959 356 153 1118 78 47 50 11 21 18 2 23 92 31 11 31 209 56 204 54 127 19 5 8 42 183 0 9 98 6 3 142 43 50 16 6 21 53 62 17 4 22 25 17 7 4 3 2 10 10 6 6 1 5 3 8 2 16 37 4 125 22 11 15 65 73 26 5 1 3 11 28 16 9 15 20 46 82 69 263 116 129 131 30 304
24 376 1298 2 3 3 5 12 7 0 0 2 123 3 4 11 1 2045 0 0 0 1 0 0 3 7 1 676 144 130 99 45 93 181 533 120 2 2 90 6 7 3 32 6 42 13 65 21 13 21 3 15 8 121 1 2 13 2 2 1 3 38 7 2 0 21 41 23 49 43 20 6 170 135 453 380 671 1276 153 214 25 51 164 436 9 5 2 0 11 5 4 2 0 52 2 2 7 2 293 0 0 0 1 0 0 6 0 0 533 40 17 12 7 28 42 124 32 2 3 9 4 1 1 2 0 4 2 5 1 8 4 3 5 3 33 3 2 31 8 4 6 15 14 3 1 1 5 12 18 10 6 4 8 18 34 104 98 210 287 55 173 8
71 103 36 99 102 88 22 99 87 8 23 22 88 65 519 65 287 9 20 28 115 677 4 151 601 148 190 26 12 6 9 7 15 17 76 20 8 20 77 15 17 3 6 3 27 4 29 668 10811 598 23 822 2880 431 456 38 202 133 37 19 17 165 4 8 1 1174 128 207 2752 3145 27 23 64 25 111 2212 656 331 1118 25 316765 26 25 4 8 15 15 2 13 32 8 6 24 36 22 128 17 138 0 7 4 42 200 0 21 60 23 0 19 8 15 3 3 5 16 7 1 2 5 5 6 3 3 0 0 1 3 0 1 410 2 5 14 93 44 54 14 30 13 6 20 4 19 2 2 0 1 5 16 75 877 4 6 57 10 44 177 106 88 272 1 49665
1646 776 476 413 603 153 342 2043 263 104 149 8 3003 233 117 1416 121 83 26 5 25 21 0 1 6 10 5 1137 126 33 9 7 36 23 28 8 2 5 17 1 1 2 1 4 13 2 5 3 1 1 1 4 1 1 2 3 5 4 1 1 0 15 3 0 0 4 4 3 2 3 4 2 12 10 18 306 327 186 78 51 26 17302 6924 2450 1590 493 196 179 9261 2393 11340 1314 199 17675 1046 194 7006 736 142 61 17 92 184 0 25 102 42 8 3938 264 94 42 60 991 555 214 192 16 59 121 72 65 133 22 11 56 306 34 48 35 18 2 58 4 70 152 32 121 81 37 336 30 203 27 23 3 42 100 251 196 116 43 57 61 93 20 2355 2768 3272 966 152 50
610 428 674 170 195 49 126 668 82 32 50 4 881 58 76 419 39 333 16 4 12 33 1 2 35 5 0 463 52 23 25 8 17 20 41 12 5 8 9 4 1 4 4 3 10 1 1 10 0 3 2 2 5 8 13 7 46 4 5 2 0 64 8 5 1 6 4 10 4 10 18 4 37 51 47 231 235 113 47 164 25 6924 44619 5234 4786 4210 1037 1153 5251 940 1302 205 97 1923 156 184 789 357 1273 99 13 199 574 0 106 282 155 33 685 52 18 30 81 15112 3511 2568 3630 61 316 661 131 121 119 96 10 202 201 118 88 193 89 20 296 72 2164 514 103 470 343 131 406 105 248 21 108 12 188 387 1182 1005 449 216 353 245 254 1134 2145 2876 6969 1410 1005 62
1723 1367 2939 310 287 40 122 635 38 20 37 1 2044 40 17 573 23 1012 3 1 4 7 0 2 9 4 6 1223 82 63 43 26 42 46 49 30 1 2 15 0 0 3 2 0 9 1 6 7 3 2 1 2 2 16 7 1 7 2 1 0 0 18 5 0 0 3 1 2 6 2 4 1 22 37 81 89 711 122 50 436 4 2450 5234 4103 56 13 19 3 55 32 66 15 2 2543 50 25 424 39 1358 1 1 6 50 0 8 26 10 1 1917 69 20 12 28 761 366 597 462 3 17 105 6 12 4 11 1 27 12 20 12 32 19 8 41 17 307 42 6 37 16 4 16 12 28 4 15 4 32 64 115 128 57 33 28 41 63 133 391 1867 2048 459 2139 15
94 40 18 42 73 29 54 294 70 19 30 6 292 42 56 162 24 4 7 5 8 20 0 1 13 5 4 173 19 10 3 2 4 3 2 2 2 1 2 2 0 0 4 0 1 2 4 1 0 0 0 0 0 0 4 2 8 7 1 1 1 7 2 1 0 0 1 1 0 1 2 0 4 0 4 79 26 19 11 9 8 1590 4786 56 1631 4499 3614 363 957 521 635 212 99 1025 159 217 733 399 11 72 7 225 350 5 45 130 231 49 212 32 12 10 19 9295 1006 43 78 62 418 87 172 108 129 10 1 65 202 10 10 11 6 0 21 2 42 251 59 160 500 176 488 68 71 2 24 5 25 50 176 148 37 28 47 30 29 13 1061 624 1708 566 15 24
38 16 12 20 126 166 93 206 524 8 143 17 345 243 149 147 163 7 73 7 16 27 1 0 5 18 0 80 81 7 1 0 9 3 2 6 0 2 4 0 1 3 0 2 1 6 0 1 0 0 0 0 0 0 2 0 4 2 0 2 1 10 2 0 0 0 1 2 0 0 0 1 2 7 1 90 29 39 21 5 15 493 4210 13 4499 4265 3311 6187 3251 3862 859 690 259 748 642 223 641 961 3 517 9 695 226 10 28 49 169 20 103 66 18 14 13 3363 508 28 30 25 223 51 181 158 311 11 14 98 453 9 18 6 3 1 11 0 13 143 60 59 449 254 1124 167 50 8 19 4 8 50 102 36 21 12 18 23 26 5 1034 874 1095 453 5 34
9 5 9 6 50 168 31 70 582 5 48 34 137 279 692 58 269 2 126 51 121 210 0 7 42 59 5 28 139 44 2 3 6 12 0 5 5 5 5 0 1 2 0 0 1 8 0 9 1 0 1 0 1 1 30 3 17 8 2 4 3 19 3 0 1 0 3 3 0 1 2 1 7 5 2 110 27 36 18 2 15 196 1037 19 3614 3311 5967 2589 326 4055 180 426 1130 413 1357 1763 279 4239 7 3424 68 5338 850 178 185 207 5196 1058 45 109 42 13 25 15249 5920 77 401 2259 2035 1755 1232 324 562 20 14 146 949 20 49 4 13 1 12 1 59 1224 402 350 2684 1732 2375 474 157 15 32 8 11 130 310 113 26 26 59 56 14 30 949 747 2909 535 4 78
5 3 3 0 12 31 13 21 135 2 9 6 36 49 83 22 46 1 32 5 16 12 0 0 1 8 0 6 17 3 0 0 0 2 0 2 2 0 3 0 0 2 0 1 1 0 0 2 0 0 0 0 0 0 0 0 2 1 0 2 0 3 0 0 0 0 0 1 0 0 0 0 0 0 0 12 4 6 2 0 2 179 1153 3 363 6187 2589 1577 3922 8154 672 168 76 59 110 44 78 189 0 2952 5 1237 99 6 20 4 76 0 8 7 1 0 2 25 26 23 7 3 14 12 112 82 249 8 7 39 432 12 18 0 4 0 0 0 0 85 86 18 87 78 1190 248 6 0 0 4 1 44 6 5 1 0 1 2 2 1 106 219 70 28 0 4
296 152 62 82 458 234 313 984 568 44 215 16 985 245 146 528 180 12 54 8 20 24 0 0 0 13 3 284 91 11 2 1 17 8 5 1 1 1 2 1 1 4 2 0 5 9 2 5 0 1 1 0 0 0 4 1 4 1 1 1 0 10 1 0 0 1 0 2 0 1 1 0 3 8 4 114 86 79 23 11 13 9261 5251 55 957 3251 326 3922 7067 8658 14928 3506 310 1205 282 75 1866 592 10 236 6 264 124 0 10 13 38 4 232 48 20 11 13 302 156 63 18 8 47 30 110 142 324 15 12 71 653 30 37 5 7 1 7 2 8 48 36 46 108 72 823 99 36 3 5 8 5 65 46 29 12 9 12 22 20 6 1042 1362 738 322 9 31
39 16 12 23 221 842 174 208 3045 16 223 235 432 1026 3847 149 1493 3 758 399 940 1082 10 21 56 382 17 67 506 96 5 0 36 30 0 25 14 0 39 5 5 16 1 5 4 28 0 19 0 1 0 0 2 0 22 7 35 6 3 25 10 28 6 1 3 0 7 3 0 2 0 0 7 8 4 454 123 198 92 5 32 2393 940 32 521 3862 4055 8154 8658 21585 12758 9506 7680 682 989 418 1845 5456 3 5181 1553 2921 3769 16 133 42 226 4 60 155 22 8 14 379 252 381 45 10 87 144 681 647 2679 101 169 299 5859 267 584 27 116 1 5 1 35 589 500 315 242 232 10614 1740 61 6 7 181 7 1450 243 13 6 7 12 46 41 10 1589 6289 1080 345 10 68
158 92 49 55 276 126 197 816 341 30 131 10 825 175 114 503 137 8 25 8 13 16 0 0 4 22 3 236 74 11 2 2 10 10 2 0 1 0 6 1 1 4 5 0 1 5 0 3 0 0 0 1 0 2 2 1 0 2 0 3 0 8 1 0 0 0 1 2 0 1 1 0 4 8 5 115 55 66 31 4 8 11340 1302 66 635 859 180 672 14928 12758 10548 11470 460 3123 664 122 6384 1099 3 63 5 51 113 1 9 19 17 7 312 86 34 19 11 316 132 45 18 3 16 28 42 57 131 6 10 34 320 27 34 1 6 0 3 0 9 41 14 23 49 16 299 22 56 20 5 10 4 54 47 29 10 6 13 19 26 5 810 853 709 294 6 24
33 12 9 14 158 233 143 219 694 12 170 28 420 349 274 155 239 5 110 10 27 13 0 1 2 45 1 78 110 14 0 0 12 4 1 9 4 0 8 0 0 4 1 1 1 5 0 2 0 0 0 0 0 0 3 0 4 2 2 3 0 11 2 0 0 0 0 0 0 2 0 1 3 6 4 105 34 49 11 2 6 1314 205 15 212 690 426 168 3506 9506 11470 6449 2641 1141 600 68 5120 4830 2 15 4 13 80 1 5 12 9 0 64 60 9 8 3 233 68 22 4 1 13 11 11 11 28 0 4 8 96 6 16 1 5 0 6 1 3 18 4 18 10 1 98 4 35 4 4 2 1 49 60 15 1 2 3 11 10 2 556 746 450 188 5 16
3 1 1 3 15 58 6 14 269 1 8 44 14 74 2093 8 509 0 78 289 586 1377 21 25 65 123 18 6 116 119 0 0 14 15 1 4 6 0 2 1 0 10 1 1 1 10 1 10 0 2 0 0 0 0 22 2 47 1 0 24 11 9 2 0 2 2 7 4 1 0 0 0 4 1 0 162 33 86 31 0 24 199 97 2 99 259 1130 76 310 7680 460 2641 4445 91 126 523 247 6623 1 301 3072 1037 4050 7 30 61 217 4 9 28 10 1 0 274 129 68 10 10 22 24 19 18 208 14 36 29 507 43 149 4 21 0 0 0 5 59 99 312 28 32 1397 415 113 5 12 42 3 625 235 8 3 3 1 23 18 10 1086 1025 708 215 1 93
2191 904 1632 460 1098 567 658 3347 1455 185 523 63 9458 1446 545 2890 666 229 196 17 32 40 0 4 19 47 5 5346 1068 228 111 41 91 77 35 32 10 2 33 7 10 7 14 6 38 20 14 12 1 6 3 6 9 12 11 1 10 11 5 6 1 100 18 0 1 6 11 18 20 13 9 1 28 31 24 593 704 497 209 52 36 17675 1923 2543 1025 748 413 59 1205 682 3123 1141 91 21158 5675 559 12723 1172 278 9 3 32 137 2 25 61 51 11 29769 3055 831 433 410 931 408 116 92 12 64 74 25 15 20 15 3 18 37 15 12 11 11 5 31 32 38 115 26 101 66 13 46 12 993 172 37 4 25 52 171 122 68 57 59 43 87 23 2428 3808 2708 986 175 89
71 24 41 15 178 559 136 253 1802 12 139 156 831 1709 2343 209 874 10 480 111 375 191 1 3 13 203 4 344 900 77 8 18 33 28 2 24 10 2 27 6 3 9 1 2 1 10 2 5 1 1 0 1 0 3 7 1 21 5 2 12 2 71 33 1 0 1 2 1 0 1 3 0 4 7 6 378 123 151 56 2 22 1046 156 50 159 642 1357 110 282 989 664 600 126 5675 1971 1747 1408 2372 9 56 3 117 38 0 4 49 28 3 1925 1807 306 69 107 307 135 13 6 5 21 9 9 3 9 0 1 2 27 2 1 2 1 1 1 12 7 21 7 34 25 15 40 6 619 184 27 0 7 8 32 16 15 13 10 36 33 11 1388 1770 825 381 7 57
16 14 9 31 47 166 26 37 623 3 21 78 109 246 9295 33 1816 4 169 773 1377 7374 78 288 3243 325 227 40 513 1158 11 0 70 194 8 25 13 15 15 6 5 22 0 5 3 28 3 38 2 2 0 0 1 1 786 71 193 163 42 68 38 134 46 2 5 1 20 12 1 0 1 2 12 9 3 728 223 470 204 2 128 194 184 25 217 223 1763 44 75 418 122 68 523 559 1747 5961 154 6351 2 423 469 2597 2405 26 59 3334 743 26 215 1185 2779 16 15 995 548 39 30 46 66 66 15 10 33 1 2 13 63 9 20 6 6 2 5 3 11 311 50 271 85 66 233 67 1119 422 46 3 1 107 249 16 9 7 10 200 44 55 4164 1561 2266 810 1 440
448 193 184 104 323 199 235 979 426 61 135 20 1865 284 188 748 162 32 40 10 14 12 0 3 4 18 2 592 140 22 8 3 29 19 5 11 1 0 7 2 2 5 2 1 16 5 1 3 1 1 0 0 1 1 0 1 0 0 0 2 0 13 2 0 0 0 2 1 3 0 1 0 6 7 6 171 118 130 54 7 17 7006 789 424 733 641 279 78 1866 1845 6384 5120 247 12723 1408 154 4339 1296 29 8 3 17 86 2 8 26 14 6 1962 236 90 58 58 470 165 35 32 10 31 32 23 10 23 4 1 8 52 7 8 5 2 3 10 2 9 57 13 35 46 6 54 20 152 27 10 1 10 33 83 53 15 7 17 19 34 6 1129 1162 1205 507 31 41
30 8 14 24 68 283 52 106 1034 3 52 105 182 362 5603 59 1338 4 270 553 1048 3830 28 136 1295 307 115 51 446 447 2 0 36 96 3 13 13 4 31 5 1 8 0 7 4 14 0 22 0 1 0 0 4 0 354 27 102 55 11 44 20 63 11 3 3 1 25 12 0 1 0 0 15 8 5 528 120 332 127 2 138 736 357 39 399 961 4239 189 592 5456 1099 4830 6623 1172 2372 6351 1296 5553 3 851 2318 2838 3404 29 82 728 904 26 211 350 291 14 17 1503 798 79 38 57 80 71 34 27 68 8 15 22 162 13 48 3 13 1 11 5 26 188 89 588 133 101 495 151 626 86 26 12 1 306 442 23 8 11 7 258 75 80 5695 2225 3739 1363 3 531
18 100 905 2 0 2 1 9 4 0 1 0 84 6 4 12 3 702 2 0 3 3 0 0 2 0 3 384 48 19 26 9 6 21 27 8 1 1 3 1 1 0 3 0 3 1 3 0 1 1 1 2 0 11 1 0 5 3 1 0 0 10 3 0 1 0 1 1 3 2 1 0 14 30 52 26 93 43 19 293 0 142 1273 1358 11 3 7 0 10 3 3 2 1 278 9 2 29 3 218 1 0 1 3 0 1 2 0 0 1235 116 72 66 56 254 89 431 194 0 0 31 0 2 3 8 0 11 4 18 10 11 8 4 17 12 153 5 0 5 0 0 2 4 51 2 1 0 8 20 34 31 23 15 11 38 34 173 108 322 959 56 618 3
0 1 0 1 0 9 5 1 52 0 1 7 3 9 432 1 112 0 19 65 88 330 1 1 17 18 2 2 23 25 0 0 5 5 0 1 4 1 3 0 0 1 0 0 0 1 0 3 0 0 0 0 0 0 8 1 11 2 1 2 3 4 2 0 1 0 1 0 0 0 0 0 0 1 0 19 6 16 5 0 7 61 99 1 72 517 3424 2952 236 5181 63 15 301 9 56 423 8 851 1 4170 112 8872 695 49 87 9 1005 29 0 18 13 1 0 94 110 15 8 96 134 43 145 92 268 5 3 36 421 4 20 0 2 0 0 0 0 333 297 45 266 524 1729 556 12 1 2 8 1 45 21 4 0 1 1 7 3 1 129 254 101 43 0 11
2 2 0 0 0 2 1 1 10 0 0 1 1 0 263 0 70 0 2 14 32 367 2 12 113 2 10 2 1 20 0 0 1 10 0 0 0 2 0 1 1 1 0 0 0 0 0 3 0 0 0 0 0 1 25 3 3 5 2 1 1 1 0 0 0 0 2 0 1 0 1 0 0 0 2 25 9 19 8 0 4 17 13 1 7 9 68 5 6 1553 5 4 3072 3 3 469 3 2318 0 112 2042 863 8430 3 55 62 28 0 0 0 12 0 1 57 55 18 4 0 3 6 8 7 54 2 4 6 125 11 29 1 6 0 1 0 2 88 62 216 9 10 520 196 32 3 0 14 1 132 55 3 1 0 0 21 5 4 229 113 148 69 0 14
2 1 0 2 6 14 1 6 81 1 1 19 9 17 1819 4 493 0 25 199 351 1678 18 33 185 63 13 2 51 210 1 0 17 24 2 1 5 0 0 2 0 9 0 3 0 10 0 8 0 1 0 0 0 0 51 3 49 10 3 13 9 20 1 0 2 0 13 2 0 0 0 0 3 0 1 114 53 98 42 0 42 92 199 6 225 695 5338 1237 264 2921 51 13 1037 32 117 2597 17 2838 1 8872 863 8277 6002 6653 1626 42 5612 372 7 20 109 0 1 745 526 22 42 827 506 506 247 80 273 9 8 46 413 10 19 2 5 0 0 1 3 3281 1042 162 2064 1044 2095 1202 42 2 5 11 0 110 52 9 1 2 6 64 4 23 1003 318 874 388 0 118
7 7 3 26 26 37 7 8 61 4 4 10 20 6 3267 11 614 2 19 189 247 4948 54 363 4259 96 317 11 20 472 11 0 62 154 2 22 27 74 7 21 3 6 0 3 1 7 0 13 0 0 0 0 7 0 1388 118 97 401 124 38 11 57 47 0 1 0 6 3 0 0 0 1 18 7 11 437 123 328 183 1 200 184 574 50 350 226 850 99 124 3769 113 80 4050 137 38 2405 86 3404 3 695 8430 6002 7973 1949 11349 502 761 35 24 8 208 2 4 1741 1595 163 143 56 102 55 31 32 327 19 29 32 496 47 100 9 15 0 10 1 29 4003 1296 867 279 156 3159 1998 36 5 3 61 8 458 95 11 10 9 4 721 22 118 6005 1192 4823 2243 3 1035
0 0 0 0 2 0 0 0 2 0 0 0 0 0 21 0 1 0 0 1 1 32 0 0 10 1 4 2 1 1 0 0 0 1 0 0 0 0 0 0 0 0 0 0 0 0 0 0 0 0 0 0 0 0 3 0 1 2 1 1 0 1 0 0 0 0 0 0 0 0 0 1 0 0 0 3 0 2 0 0 0 0 0 0 5 10 178 6 0 16 1 1 7 2 0 26 2 29 0 49 3 6653 1949 997 899 3 2831 30 0 0 4 0 0 23 31 0 1 58 82 26 23 0 11 0 0 0 7 0 2 0 0 0 0 0 0 5020 271 20 537 117 115 122 2 0 0 0 0 0 4 0 0 0 0 0 0 1 43 3 49 12 0 4
1 2 1 2 4 5 1 2 5 0 1 0 2 1 107 4 5 0 1 3 7 173 0 26 414 5 28 2 1 16 0 0 1 17 2 3 10 17 10 7 0 1 0 1 2 0 3 1 1 0 0 0 0 0 192 28 17 89 21 2 1 12 12 0 0 0 0 0 0 1 0 0 2 2 2 26 3 20 9 0 21 25 106 8 45 28 185 20 10 133 9 5 30 25 4 59 8 82 1 87 55 1626 11349 899 1431 787 722 13 3 1 13 0 0 233 297 25 29 23 44 17 9 3 21 3 4 4 37 3 6 0 0 0 0 0 4 11656 533 150 204 71 301 246 6 3 1 5 0 37 16 3 3 0 0 89 2 20 580 87 584 274 2 136
2 8 7 14 16 18 3 11 11 1 4 6 14 8 500 4 59 2 12 14 42 674 27 311 4669 57 164 6 4 228 81 0 45 220 33 31 223 307 92 127 45 2 8 6 24 13 22 30 0 2 1 0 1 13 2232 395 594 825 266 4 12 406 277 0 0 0 8 7 2 3 3 3 82 55 8 287 67 199 98 6 60 102 282 26 130 49 207 4 13 42 19 12 61 61 49 3334 26 728 2 9 62 42 502 3 787 4157 155 27 16 23 442 146 1 631 939 84 90 129 470 57 93 31 19 4 3 17 31 3 4 3 5 0 5 1 16 592 398 279 718 277 71 14 428 974 2 2 3 32 47 13 4 4 2 226 11 41 2818 408 1460 947 3 465
0 2 0 0 2 3 1 2 12 0 2 1 7 2 166 2 32 0 7 14 27 111 1 11 83 6 7 2 11 28 4 1 0 7 2 2 6 4 2 2 3 1 1 1 1 2 2 3 2 0 0 1 1 1 44 10 21 13 6 0 0 8 1 1 0 2 2 8 3 0 1 4 7 3 1 23 3 14 6 0 23 42 155 10 231 169 5196 76 38 226 17 9 217 51 28 743 14 904 0 1005 28 5612 761 2831 722 155 3913 1894 11 16 18 3 17 1085 2300 24 141 4656 5915 1397 1745 104 165 4 0 54 258 4 8 2 0 1 2 3 8 4314 710 269 8149 2088 722 328 128 8 55 2 2 32 267 33 7 15 42 79 2 13 419 72 887 328 0 70
1 0 0 0 1 0 0 1 0 0 1 0 0 0 2 0 1 0 0 0 0 4 0 0 13 0 2 0 0 2 1 0 0 1 1 1 0 3 0 0 0 0 0 0 0 0 0 0 0 0 0 0 0 0 8 2 4 0 1 0 1 1 4 0 0 0 0 3 0 0 0 0 1 0 0 1 1 0 3 0 0 8 33 1 49 20 1058 0 4 4 7 0 4 11 3 26 6 26 0 29 0 372 35 30 13 27 1894 259 0 0 0 1 2 767 1944 6 29 1065 2216 315 203 24 8 0 0 19 17 0 1 0 0 0 0 0 4 227 39 36 1844 357 48 5 17 1 7 1 0 5 22 2 1 2 4 5 1 2 23 3 165 42 0 5
1100 495 3262 160 348 148 236 1096 424 63 170 16 7175 674 176 1291 198 1826 51 2 7 11 0 0 8 12 3 16647 3164 869 458 174 64 67 42 19 0 4 19 4 4 4 4 2 18 6 10 7 4 4 1 11 16 33 5 1 10 3 2 1 3 213 55 1 0 6 6 13 14 11 21 2 17 40 52 260 585 348 142 533 19 3938 685 1917 212 103 45 8 232 60 312 64 9 29769 1925 215 1962 211 1235 0 0 7 24 0 3 16 11 0 25892 8141 2139 1355 880 226 105 98 43 2 12 24 7 1 2 8 1 4 10 3 3 5 4 8 13 48 49 21 8 40 8 10 6 6 1375 129 24 0 12 10 43 26 66 59 24 54 75 46 497 1089 799 228 812 14
50 31 110 15 53 184 47 109 768 7 81 82 989 1005 1926 148 531 151 192 103 290 238 2 4 20 126 5 2148 3353 955 204 36 30 23 4 9 2 0 9 1 0 4 0 0 0 8 2 4 0 2 0 0 6 10 3 1 9 2 0 6 2 114 34 3 0 0 0 4 1 6 3 1 7 7 6 181 86 95 43 40 8 264 52 69 32 66 109 7 48 155 86 60 28 3055 1807 1185 236 350 116 18 0 20 8 0 1 23 16 0 8141 5889 3741 1311 675 36 30 21 6 1 1 5 0 2 2 0 2 1 6 0 0 1 0 11 5 32 30 3 1 24 2 2 12 4 1485 239 35 0 1 2 11 1 36 46 20 41 27 12 170 556 114 38 93 9
18 9 58 3 7 18 8 25 73 0 9 5 106 65 1756 19 315 50 15 84 158 1438 17 59 933 37 37 410 406 1087 70 1 9 32 2 1 4 6 2 1 1 7 0 2 0 0 1 3 0 0 0 0 0 2 155 12 44 28 5 7 8 97 42 0 1 0 1 2 0 0 2 0 2 2 1 119 71 99 50 17 15 94 18 20 12 18 42 1 20 22 34 9 10 831 306 2779 90 291 72 13 12 109 208 4 13 442 18 0 2139 3741 2365 1019 434 38 26 12 1 0 12 0 3 3 0 0 0 4 5 2 1 0 0 5 1 36 24 28 7 52 15 13 5 7 2156 1604 34 0 1 4 32 1 26 28 19 34 31 5 137 117 108 38 48 11
6 8 35 6 4 3 4 9 8 0 1 1 60 17 25 10 10 41 1 1 2 10 0 5 330 5 8 250 124 106 313 21 8 30 5 6 15 22 17 24 10 1 3 8 12 21 9 55 1 0 0 1 0 2 102 40 223 42 29 5 1 487 84 6 3 2 2 15 3 4 4 8 11 4 1 71 19 32 16 12 3 42 30 12 10 14 13 0 11 8 19 8 1 433 69 16 58 14 66 1 0 0 2 0 0 146 3 1 1355 1311 1019 939 1097 20 45 90 13 11 19 12 31 14 6 1 2 15 26 3 5 13 4 31 4 155 180 11 12 417 56 32 33 65 2686 647 60 0 0 13 8 4 40 28 38 173 189 14 83 40 58 36 44 10
3 4 20 3 4 2 0 4 8 0 0 1 66 16 12 6 6 25 0 0 0 1 0 0 15 1 1 181 49 16 43 219 0 11 16 3 5 1 8 7 1 2 1 4 3 6 3 15 11 2 14 21 43 91 4 1 27 3 6 2 6 40 3 55 2 15 31 320 35 31 191 205 22 82 13 25 7 15 6 7 3 60 81 28 19 13 25 2 13 14 11 3 0 410 107 15 58 17 56 0 1 1 4 0 0 1 17 2 880 675 434 1097 360 59 146 156 37 19 32 45 90 41 10 7 6 33 80 18 33 29 22 57 21 208 264 0 0 89 30 5 55 16 254 3 155 1 6 79 300 56 100 282 333 252 232 27 189 44 140 112 26 28
61 27 65 18 46 24 25 116 94 3 13 4 188 48 200 76 85 40 12 20 27 130 1 5 87 9 5 129 41 32 15 4 6 20 9 1 11 10 9 9 3 0 1 3 2 8 3 32 1 4 0 5 3 5 30 11 54 19 4 1 0 66 5 8 0 5 8 53 9 5 10 25 14 15 11 72 36 34 21 28 5 991 15112 761 9295 3363 15249 25 302 379 316 233 274 931 307 995 470 1503 254 94 57 745 1741 23 233 631 1085 767 226 36 38 20 59 13719 9940 838 1727 535 2002 547 387 187 139 23 3 136 236 26 45 56 25 7 129 31 1229 1348 263 779 1649 561 514 144 307 22 115 11 107 235 947 624 227 114 260 200 67 1153 425 426 3583 286 177 25
28 16 39 11 16 10 11 28 29 2 7 6 91 17 133 25 36 54 4 7 20 77 0 11 98 7 8 56 19 32 28 6 5 48 39 16 23 31 25 21 18 2 6 16 17 37 11 150 15 5 6 4 4 24 65 32 154 38 34 5 6 166 7 21 1 34 29 157 43 22 53 79 36 103 38 100 33 74 53 42 16 555 3511 366 1006 508 5920 26 156 252 132 68 129 408 135 548 165 798 89 110 55 526 1595 31 297 939 2300 1944 105 30 26 45 146 9940 4452 1663 2005 2362 4238 3276 1113 210 85 87 20 248 237 81 136 287 68 19 463 45 554 2252 410 1858 2897 647 312 238 677 46 244 20 412 700 2230 1886 884 417 657 119 213 198 999 507 1342 398 97 72
24 29 142 5 5 0 1 10 2 1 0 0 33 2 7 6 3 218 0 1 0 4 0 0 12 0 6 66 6 5 15 19 2 13 60 16 9 8 6 4 4 3 1 5 2 4 9 37 7 3 14 17 16 48 9 3 70 12 4 0 0 64 5 21 2 18 22 117 17 30 73 60 75 232 81 91 76 102 62 124 7 214 2568 597 43 28 77 23 63 381 45 22 68 116 13 39 35 79 431 15 18 22 163 0 25 84 24 6 98 21 12 90 156 838 1663 25544 11711 5 25 4397 43 85 59 1687 220 2032 489 4361 1282 1054 787 1012 549 1272 4630 139 24 235 55 18 117 65 114 4 91 98 435 1318 1746 798 556 252 273 982 1220 1359 1652 899 1306 1062 325 76
12 16 48 1 1 1 1 14 4 0 0 0 20 1 10 4 2 68 1 0 1 8 0 2 18 1 0 29 0 7 8 3 2 8 23 5 3 2 5 2 3 1 0 3 2 6 5 32 4 2 3 1 2 8 8 5 40 5 5 1 0 37 2 1 2 1 7 26 9 7 13 22 20 34 27 29 38 33 17 32 1 192 3630 462 78 30 401 7 18 45 18 4 10 92 6 30 32 38 194 8 4 42 143 1 29 90 141 29 43 6 1 13 37 1727 2005 11711 3037 127 135 1312 115 135 13 135 10 367 66 200 70 106 73 19 185 57 881 148 24 229 113 20 29 29 107 12 42 6 144 259 612 532 276 107 128 190 164 709 433 356 555 252 175 21
2 1 1 0 0 1 0 1 2 0 0 0 0 1 9 1 5 1 0 2 4 11 0 4 68 1 0 0 0 0 4 2 3 4 5 2 7 7 11 3 3 0 0 2 0 3 2 6 0 1 0 0 0 0 30 13 34 13 6 0 1 18 3 1 0 0 4 6 1 0 2 4 4 1 1 6 4 5 4 2 2 16 61 3 62 25 2259 3 8 10 3 1 10 12 5 46 10 57 0 96 0 827 56 58 23 129 4656 1065 2 1 0 11 19 535 2362 5 127 1947 5912 1629 2020 106 51 4 0 28 109 0 1 0 2 0 1 2 6 503 112 432 3306 682 122 52 198 8 60 1 0 17 251 31 7 9 42 30 4 5 46 21 212 66 1 8
0 8 6 2 4 6 2 8 6 0 3 0 3 4 19 3 6 3 1 2 1 18 1 8 239 5 10 4 3 6 14 3 6 25 7 4 39 34 21 19 13 2 1 2 3 3 7 20 1 1 0 0 0 5 165 56 98 64 26 0 1 67 20 0 2 6 6 14 4 0 5 6 13 15 3 30 11 22 22 3 5 59 316 17 418 223 2035 14 47 87 16 13 22 64 21 66 31 80 0 134 3 506 102 82 44 470 5915 2216 12 1 12 19 32 2002 4238 25 135 5912 8497 1570 4989 465 315 5 0 162 542 2 5 3 3 0 1 3 12 1263 198 779 18560 2522 849 55 293 30 81 5 6 41 553 92 11 21 85 35 5 7 141 70 661 197 0 34
4 4 9 0 2 0 3 6 2 1 1 0 16 2 24 2 2 23 0 1 4 13 0 6 32 0 0 8 2 3 6 3 2 22 12 3 6 3 9 8 2 2 2 5 4 11 0 40 6 1 2 0 1 11 24 9 45 7 1 0 1 48 3 3 4 2 12 56 12 8 16 26 18 26 14 25 9 29 25 9 5 121 661 105 87 51 1755 12 30 144 28 11 24 74 9 66 32 71 31 43 6 506 55 26 17 57 1397 315 24 5 0 12 45 547 3276 4397 1312 1629 1570 1292 1989 1497 80 375 16 1645 359 1106 85 107 20 6 186 15 59 207 51 272 933 235 106 57 206 11 138 15 216 428 1559 1441 373 195 429 31 52 20 434 170 364 156 48 23
0 1 1 0 0 1 1 2 5 0 0 1 1 3 16 2 7 5 5 5 7 6 0 1 127 2 1 2 3 13 20 11 2 20 10 8 18 21 8 15 7 1 2 5 8 11 4 40 0 0 1 2 0 7 86 32 119 20 15 2 0 84 19 1 1 2 7 46 13 5 8 28 22 26 3 40 7 33 17 4 6 72 131 6 172 181 1232 112 110 681 42 11 19 25 9 15 23 34 0 145 8 247 31 23 9 93 1745 203 7 0 3 31 90 387 1113 43 115 2020 4989 1989 5684 8076 6661 59 15 2520 5264 11 90 6 8 0 14 7 15 124 25 683 2737 230 2071 73 462 18 325 31 21 212 2349 571 46 92 471 22 8 4 134 69 285 98 3 14
0 1 1 0 1 4 0 1 5 0 0 1 4 2 15 0 5 1 1 3 3 6 0 3 56 1 0 1 2 1 4 5 3 9 1 2 10 6 6 4 4 0 2 3 3 5 5 17 5 2 1 0 1 3 16 6 47 5 3 1 1 35 8 3 1 3 4 43 7 3 11 19 11 19 2 14 4 15 7 1 3 65 121 12 108 158 324 82 142 647 57 11 18 15 3 10 10 27 2 92 7 80 32 0 3 31 104 24 1 2 3 14 41 187 210 85 135 106 465 1497 8076 4231 4078 61 52 2285 11411 41 255 19 7 4 22 1 10 23 5 165 436 62 599 28 145 3 130 36 66 398 1551 862 74 98 341 8 2 1 87 46 124 60 3 6
0 2 0 1 2 6 0 3 24 0 3 1 6 9 44 2 9 1 6 6 20 21 0 2 17 5 1 2 5 3 2 1 1 7 2 1 1 1 1 0 1 0 0 0 1 1 3 2 0 0 0 0 0 2 6 5 11 3 1 0 0 15 1 0 0 1 1 3 1 2 0 2 6 6 1 9 4 8 4 1 3 133 119 4 129 311 562 249 324 2679 131 28 208 20 9 33 23 68 3 268 54 273 327 11 21 19 165 8 2 2 0 6 10 139 85 59 13 51 315 80 6661 4078 9522 27 66 292 7650 41 247 9 18 0 3 1 4 42 14 84 2903 1210 23633 33 51 2 10 1761 39 5824 240 63 5 3 19 6 3 0 92 95 147 45 1 19
1 1 4 0 0 0 0 0 0 0 0 1 2 0 1 0 0 4 0 0 0 0 0 0 0 0 0 0 0 0 2 1 0 2 5 0 2 0 0 1 0 0 1 1 3 0 1 6 0 0 0 1 0 1 0 0 4 3 0 0 0 9 0 1 0 0 1 6 2 2 2 4 1 5 4 4 5 4 3 2 0 22 96 11 10 11 20 8 15 101 6 0 14 15 0 1 4 8 8 5 2 9 19 0 3 4 4 0 8 0 0 1 7 23 87 1687 135 4 5 375 59 61 27 64 219 596 523 480 636 16 21 0 10 0 5 7 4 20 21 4 42 7 15 0 12 5 25 99 170 72 25 15 39 3 17 2 24 37 45 17 7 2
1 0 0 0 0 0 0 0 9 0 0 0 0 4 6 0 1 0 0 0 2 4 0 0 0 0 0 1 0 0 1 0 0 0 1 1 0 1 0 1 0 0 0 2 0 1 0 4 0 0 0 0 0 0 0 0 1 0 0 1 0 7 0 2 0 1 0 6 5 1 1 4 0 2 0 2 0 3 2 0 0 11 10 1 1 14 14 7 12 169 10 4 36 3 1 2 1 15 0 3 4 8 29 0 4 3 0 0 1 2 0 2 6 3 20 220 10 0 0 16 15 52 66 219 209 80 2646 633 4140 186 268 4 6 0 23 4 5 16 1 1 46 13 15 1 9 208 135 1074 436 35 5 5 13 1 0 0 11 16 7 4 0 4
2 2 8 0 0 3 1 2 4 0 0 2 2 0 7 2 2 5 0 1 2 0 0 1 30 0 1 6 1 2 10 6 0 8 6 2 4 3 4 5 4 0 2 2 3 9 3 27 1 3 1 2 0 2 12 10 43 3 5 0 0 38 4 0 1 3 2 28 5 1 12 15 8 23 7 17 6 23 10 4 1 56 202 27 65 98 146 39 71 299 34 8 29 18 2 13 8 22 11 36 6 46 32 0 4 17 54 19 4 1 4 15 33 136 248 2032 367 28 162 1645 2520 2285 292 596 80 1477 2126 1131 216 43 9 3 59 2 15 18 4 142 205 19 269 38 95 4 80 14 111 311 1412 819 102 116 354 13 13 6 74 60 144 54 18 9
0 0 2 0 0 9 1 1 43 0 2 6 6 21 95 2 43 2 13 10 25 50 1 2 42 5 4 1 5 4 8 3 5 12 3 2 8 11 6 8 6 1 2 6 4 1 2 32 7 3 0 2 0 2 22 16 89 12 11 1 3 56 8 0 0 0 3 31 5 0 12 16 7 17 1 24 6 24 10 2 3 306 201 12 202 453 949 432 653 5859 320 96 507 37 27 63 52 162 4 421 125 413 496 7 37 31 258 17 10 6 5 26 80 236 237 489 66 109 542 359 5264 11411 7650 523 2646 2126 12858 383 7157 261 124 7 15 7 25 104 27 223 874 173 2444 92 226 2 129 4124 913 7324 2124 441 58 52 192 16 5 3 196 208 264 98 3 22
3 0 5 0 0 1 0 0 2 0 0 1 2 2 1 0 1 8 0 0 0 0 0 0 0 0 0 3 0 0 2 3 0 6 0 0 1 1 0 1 0 0 0 1 0 3 0 6 1 0 1 3 1 4 1 0 9 1 1 0 0 13 0 3 0 1 2 18 2 3 3 4 5 10 6 6 7 8 6 5 0 34 118 20 10 9 20 12 30 267 27 6 43 15 2 9 7 13 18 4 11 10 47 0 3 3 4 0 3 0 2 3 18 26 81 4361 200 0 2 1106 11 41 41 480 633 1131 383 753 3733 705 1853 247 80 188 713 22 5 43 7 4 59 11 24 2 23 86 144 770 718 148 77 28 38 43 53 8 91 76 93 62 26 8
2 1 3 0 1 1 0 0 0 0 1 0 0 1 13 0 3 2 2 2 0 10 1 0 6 0 1 1 4 0 2 9 0 7 0 2 1 1 0 2 1 0 0 2 0 4 1 15 3 2 0 3 1 1 3 0 13 0 1 2 0 19 1 4 1 3 7 26 8 2 13 15 3 9 2 8 3 4 6 1 1 48 88 12 10 18 49 18 37 584 34 16 149 12 1 20 8 48 10 20 29 19 100 2 6 4 8 1 3 0 1 5 33 45 136 1282 70 1 5 85 90 255 247 636 4140 216 7157 3733 9850 4704 8492 37 18 24 211 41 9 69 5 3 218 54 48 1 70 1119 1442 5839 4622 199 26 11 123 8 8 5 65 54 86 42 7 153
2 4 4 0 0 1 0 2 0 0 0 0 1 1 0 0 0 8 0 0 0 1 0 0 1 0 0 5 0 0 0 8 0 4 6 2 0 0 2 0 1 2 0 1 2 2 0 16 10 3 1 5 4 9 0 0 3 1 1 0 2 14 0 6 1 6 15 89 23 13 27 40 8 45 8 10 9 6 1 8 410 35 193 32 11 6 4 0 5 27 1 1 4 11 2 6 5 3 11 0 1 2 9 0 0 3 2 0 5 1 0 13 29 56 287 1054 106 0 3 107 6 19 9 16 186 43 261 705 4704 8113 6250 1124 1762 868 1533 6 3 21 3 1 8 8 5 0 26 62 3124 2024 2710 1262 2918 64 202 163 136 14 101 87 116 39 22 15322
0 1 0 1 0 0 0 1 0 0 0 0 2 2 1 0 1 5 0 1 0 1 0 0 1 0 1 1 0 0 1 7 0 2 4 0 1 2 1 1 0 2 0 2 0 3 1 14 6 1 2 0 4 0 1 0 3 1 4 0 3 10 0 5 1 6 9 95 12 3 18 32 3 16 5 5 5 6 5 4 2 18 89 19 6 3 13 4 7 116 6 5 21 11 1 6 2 13 8 2 6 5 15 0 0 5 0 0 4 0 0 4 22 25 68 787 73 2 3 20 8 7 18 21 268 9 124 1853 8492 6250 4210 367 157 132 1059 10 4 34 2 0 30 16 16 1 45 179 2635 2560 2883 450 71 21 178 65 22 4 42 31 53 25 5 109
1 0 0 0 0 1 0 0 0 0 0 0 0 0 0 0 0 2 0 0 0 0 0 0 0 0 0 0 1 1 1 12 0 4 6 0 1 1 0 1 0 0 0 0 1 0 2 9 5 2 5 5 5 30 0 0 6 0 0 0 1 7 0 6 1 12 10 72 11 17 33 25 20 84 8 15 0 4 3 3 5 2 20 8 0 1 1 0 1 1 0 0 0 5 1 2 3 1 4 0 0 0 0 0 0 0 1 0 8 11 5 31 57 7 19 1012 19 0 0 6 0 4 0 0 4 3 7 247 37 1124 367 476 316 1462 1388 2 0 5 0 0 5 1 6 0 21 6 110 213 345 89 114 60 45 338 278 24 48 15 20 13 2 157
3 1 12 1 1 0 0 1 0 0 0 0 9 0 1 2 0 18 0 0 0 1 0 0 2 0 0 3 1 0 1 10 0 4 11 1 0 0 2 0 0 1 1 1 2 0 3 8 2 3 7 8 4 14 0 0 3 0 1 0 1 5 0 6 1 13 15 71 24 16 48 33 13 63 4 7 5 7 8 5 14 58 296 41 21 11 12 0 7 5 3 6 0 31 1 5 10 11 17 0 1 0 10 0 0 5 2 0 13 5 1 4 21 129 463 549 185 1 1 186 14 22 3 10 6 59 15 80 18 1762 157 316 2236 392 232 9 0 8 4 0 2 2 15 0 20 1 727 584 889 2732 2317 203 181 104 90 6 160 104 190 100 18 551
0 0 1 0 0 1 1 0 1 0 1 0 2 2 1 0 1 9 0 0 0 0 0 0 3 0 0 11 2 1 5 16 0 2 17 2 3 1 2 0 0 0 1 0 1 1 4 3 3 0 10 12 11 25 1 0 2 1 0 0 2 5 0 7 2 9 8 80 14 16 61 42 17 67 5 12 1 3 2 3 93 4 72 17 2 0 1 0 2 1 0 1 0 32 12 3 2 5 12 0 0 1 1 0 0 1 3 0 48 32 36 155 208 31 45 1272 57 2 3 15 7 1 1 0 0 2 7 188 24 868 132 1462 392 403 2780 2 0 8 1 0 1 5 14 0 48 0 20 42 92 31 267 135 42 901 682 141 122 27 42 35 7 3130
10 7 49 0 1 1 0 1 3 0 0 0 7 1 1 5 0 76 0 1 0 3 0 0 2 0 0 25 2 1 2 34 1 7 26 3 0 5 7 2 1 2 1 3 2 6 6 5 7 2 14 23 26 67 3 1 17 2 2 1 2 16 2 10 1 14 14 124 34 29 101 59 47 229 33 40 36 30 16 33 44 70 2164 307 42 13 59 0 8 35 9 3 5 38 7 11 9 26 153 0 2 3 29 0 4 16 8 4 49 30 24 180 264 1229 554 4630 881 6 12 59 15 10 4 5 23 15 25 713 211 1533 1059 1388 232 2780 2390 27 5 45 13 5 20 16 36 2 53 20 128 332 483 168 133 106 59 2506 1290 4058 539 286 584 330 112 1651
6 7 4 9 5 13 1 2 9 1 2 1 17 2 190 2 33 7 5 11 25 284 4 99 1229 23 64 5 5 49 7 0 13 101 8 10 81 122 31 73 18 3 2 4 13 7 2 7 0 0 0 0 2 2 750 149 179 360 130 3 4 109 65 0 1 0 0 2 0 0 0 1 22 20 4 95 35 71 37 3 54 152 514 42 251 143 1224 85 48 589 41 18 59 115 21 311 57 188 5 333 88 3281 4003 5020 11656 592 4314 227 21 3 28 11 0 1348 2252 139 148 503 1263 207 124 23 42 7 4 18 104 22 41 6 10 2 9 2 27 7599 17568 1306 3258 2477 848 1562 18 49 3 11 4 310 79 7 4 0 3 301 9 42 1842 271 2384 1142 10 437
2 6 4 4 4 8 2 4 5 0 1 1 4 3 26 6 12 0 3 2 3 39 0 12 250 5 8 2 3 11 9 0 5 28 5 8 22 27 18 22 7 1 1 0 8 3 5 17 0 1 0 1 0 4 135 50 122 54 32 0 2 59 36 2 0 1 4 5 3 0 1 2 17 20 4 30 13 22 4 2 14 32 103 6 59 60 402 86 36 500 14 4 99 26 7 50 13 89 0 297 62 1042 1296 271 533 398 710 39 8 1 7 12 0 263 410 24 24 112 198 51 25 5 14 4 5 4 27 5 9 3 4 0 0 0 5 17568 4146 4073 699 5809 303 1587 17 43 1 3 2 109 54 3 1 1 0 39 6 6 313 50 361 164 0 60
4 16 6 12 6 11 1 6 14 3 2 0 9 7 54 6 23 28 2 2 8 68 2 26 986 10 19 10 5 19 272 6 56 152 82 37 119 107 183 119 90 7 18 61 76 105 101 507 17 36 2 5 1 43 388 304 2112 150 105 13 20 1492 270 16 2 33 41 150 63 23 75 131 150 236 23 385 129 227 125 31 30 121 470 37 160 59 350 18 46 315 23 18 312 101 34 271 35 588 5 45 216 162 867 20 150 279 269 36 40 24 52 417 89 779 1858 235 229 432 779 272 683 165 84 20 16 142 223 43 69 21 34 5 8 8 45 1306 4073 2989 838 687 1479 5484 1148 1000 535 14 6 395 1298 22 36 44 48 231 197 32 1466 201 1119 883 19 203
1 2 2 1 5 2 0 4 5 1 0 3 9 1 24 4 7 7 0 4 8 35 0 18 384 7 19 4 3 12 23 1 10 38 15 12 30 38 26 20 14 0 5 6 12 6 10 27 0 3 0 1 1 4 227 89 180 99 42 1 1 86 37 1 1 5 5 12 3 3 7 7 40 40 5 44 15 48 22 8 13 81 343 16 500 449 2684 87 108 242 49 10 28 66 25 85 46 133 0 266 9 2064 279 537 204 718 8149 1844 8 2 15 56 30 1649 2897 55 113 3306 18560 933 2737 436 2903 21 1 205 874 7 5 3 2 0 4 1 13 3258 699 838 10615 11136 6042 182 310 51 34 11 3 43 178 27 7 6 22 63 3 12 292 88 848 312 3 56
0 2 2 1 4 5 0 2 5 0 0 1 6 4 32 1 12 1 3 3 2 13 0 8 233 5 6 1 1 12 11 0 5 26 8 6 27 38 21 19 8 0 0 1 7 1 9 9 0 1 0 1 0 1 125 49 130 49 33 0 0 64 27 0 0 0 0 7 1 1 1 7 18 23 6 40 10 23 11 4 6 37 131 4 176 254 1732 78 72 232 16 1 32 13 15 66 6 101 0 524 10 1044 156 117 71 277 2088 357 10 2 13 32 5 561 647 18 20 682 2522 235 230 62 1210 4 1 19 173 4 3 1 0 0 0 0 5 2477 5809 687 11136 7558 6398 2669 164 43 5 0 0 28 25 5 0 7 2 15 4 2 154 24 241 129 3 19
1 4 4 2 1 18 1 2 66 0 2 7 7 18 260 3 56 4 18 29 54 153 1 9 77 10 5 3 24 10 11 2 5 29 7 5 9 11 18 14 4 0 2 4 7 10 8 57 3 1 1 3 1 8 34 32 141 13 7 1 3 105 9 7 0 6 5 24 11 5 10 19 17 34 7 62 16 38 15 6 20 336 406 16 488 1124 2375 1190 823 10614 299 98 1397 46 40 233 54 495 2 1729 520 2095 3159 115 301 71 722 48 6 12 5 33 55 514 312 117 29 122 849 106 2071 599 23633 42 46 269 2444 59 218 8 30 5 2 1 20 848 303 1479 6042 6398 14863 7116 271 14 252 739 21 5396 3087 48 6 13 28 48 40 11 406 306 631 233 1 56
0 13 11 10 3 3 0 2 8 0 3 3 3 1 52 2 23 15 2 6 9 41 0 3 162 2 8 7 4 4 77 1 24 59 50 17 25 49 74 35 33 4 8 35 49 56 62 275 15 12 1 5 0 27 66 93 834 31 40 6 12 627 40 8 6 12 19 102 44 8 45 66 79 152 13 184 60 114 65 15 4 30 105 12 68 167 474 248 99 1740 22 4 415 12 6 67 20 151 4 556 196 1202 1998 122 246 14 328 5 6 4 7 65 16 144 238 65 29 52 55 57 73 28 33 7 13 38 92 11 54 8 16 1 2 5 16 1562 1587 5484 182 2669 7116 7452 307 4 132 10 2 735 4491 3 9 14 14 69 140 9 225 58 209 131 6 31
13 12 20 9 12 17 14 22 57 4 14 5 131 80 189 15 43 31 11 8 24 119 1 21 552 17 17 256 125 105 393 8 25 68 26 22 37 73 53 54 36 8 8 24 32 47 35 244 9 8 1 3 2 18 222 139 946 93 54 8 13 933 113 39 6 18 20 72 37 17 36 49 57 66 8 225 62 113 73 14 19 203 248 28 71 50 157 6 36 61 56 35 113 993 619 1119 152 626 51 12 32 42 36 2 6 428 128 17 1375 1485 2156 2686 254 307 677 114 107 198 293 206 462 145 51 15 15 95 226 24 48 5 16 6 15 14 36 18 17 1148 310 164 271 307 4598 2068 2320 5 7 103 378 20 72 279 228 116 117 15 792 199 511 555 44 116
4 3 6 8 4 13 4 4 21 1 2 2 19 24 95 4 14 3 3 5 11 77 5 52 1019 17 28 18 21 70 52 0 16 53 9 7 37 61 33 31 14 1 0 3 11 1 11 15 0 1 0 0 0 6 469 124 261 123 49 2 3 207 91 0 0 1 0 5 0 1 3 1 20 17 6 51 24 40 26 3 2 27 21 4 2 8 15 0 3 6 20 4 5 172 184 422 27 86 2 1 3 2 5 0 3 974 8 1 129 239 1604 647 3 22 46 4 12 8 30 11 18 3 2 0 1 4 2 2 1 0 1 0 0 0 2 49 43 1000 51 43 14 4 2068 1030 6 0 0 0 2 0 0 1 2 9 3 3 119 34 44 34 2 19
1 2 2 0 0 5 1 2 6 0 1 1 4 3 5 0 1 5 0 0 0 4 0 0 11 0 1 6 2 6 13 100 1 13 6 3 5 7 5 12 3 0 0 6 2 5 5 28 25 6 7 20 12 52 7 3 14 7 3 0 4 29 2 40 4 29 55 401 61 27 182 176 19 109 9 25 3 20 5 1 2 23 108 15 24 19 32 0 5 7 5 4 12 37 27 46 10 26 1 2 0 5 3 0 1 2 55 7 24 35 34 60 155 115 244 91 42 60 81 138 325 130 10 12 9 80 129 23 70 26 45 21 20 48 53 3 1 535 34 5 252 132 2320 6 2698 12 11 175 1652 47 45 1683 3757 85 47 8 240 26 179 229 3 26
0 0 0 0 0 0 0 1 2 0 0 0 1 0 5 0 1 0 0 0 1 6 0 0 2 0 0 0 0 0 0 1 0 0 0 0 0 0 0 0 0 0 0 0 0 0 0 2 0 0 0 0 0 0 0 0 1 0 0 0 1 0 0 1 0 0 1 4 0 0 1 2 1 0 0 1 0 0 1 1 0 3 12 4 5 4 8 4 8 181 10 2 42 4 0 3 1 12 0 8 14 11 61 0 5 2 2 1 0 0 0 0 1 11 20 98 6 1 5 15 31 36 1761 5 208 14 4124 86 1119 62 179 6 1 0 20 11 3 14 11 0 739 10 5 0 12 326 301 6145 612 57 1 1 9 2 2 0 7 10 14 5 0 3
0 1 3 0 0 0 0 0 0 0 0 0 5 0 0 0 0 5 0 0 0 0 0 0 0 0 0 0 0 0 0 3 0 0 4 0 1 0 0 0 1 0 0 0 0 1 1 1 0 0 0 2 0 3 0 0 5 1 2 0 1 1 0 2 0 6 5 41 4 6 15 11 4 17 3 1 4 2 3 5 1 42 188 32 25 8 11 1 5 7 4 1 3 25 7 1 10 1 8 1 1 0 8 0 0 3 2 0 12 1 1 0 6 107 412 435 144 0 6 216 21 66 39 25 135 111 913 144 1442 3124 2635 110 727 20 128 4 2 6 3 0 21 2 7 0 11 301 2714 4009 1690 6461 88 50 149 40 35 8 121 70 161 81 10 170
4 3 8 0 1 2 1 3 20 2 0 3 14 3 63 2 5 5 1 3 5 69 1 2 18 4 1 9 3 2 2 8 2 10 6 1 5 1 3 1 1 0 0 2 1 3 1 17 2 0 0 2 2 1 6 0 11 3 2 1 0 5 1 2 4 6 9 62 8 3 22 22 3 19 9 18 10 17 11 12 5 100 387 64 50 50 130 44 65 1450 54 49 625 52 8 107 33 306 20 45 132 110 458 0 37 32 32 5 10 2 4 13 79 235 700 1318 259 17 41 428 212 398 5824 99 1074 311 7324 770 5839 2024 2560 213 584 42 332 310 109 395 43 28 5396 735 103 0 175 6145 4009 25590 15252 12293 61 52 308 69 53 11 328 188 369 226 27 35
7 5 16 0 0 0 1 4 4 2 1 1 15 7 60 0 12 20 1 3 8 50 0 2 34 4 6 12 7 6 18 160 2 30 29 8 12 12 15 18 10 3 1 14 8 12 16 91 67 22 30 51 46 87 8 1 52 5 14 4 11 72 3 87 16 78 124 925 170 63 383 448 65 327 28 70 16 37 28 18 16 251 1182 115 176 102 310 6 46 243 47 60 235 171 32 249 83 442 34 21 55 52 95 4 16 47 267 22 43 11 32 8 300 947 2230 1746 612 251 553 1559 2349 1551 240 170 436 1412 2124 718 4622 2710 2883 345 889 92 483 79 54 1298 178 25 3087 4491 378 2 1652 612 1690 15252 11441 4656 282 1455 3967 242 143 88 1644 294 1392 1682 45 170
3 5 15 0 0 2 0 1 0 0 2 0 14 1 2 0 1 22 0 0 0 0 0 0 0 0 1 19 2 3 4 23 1 11 15 4 4 2 4 5 2 2 0 7 3 8 9 31 18 5 3 20 25 45 3 0 14 6 4 2 5 24 0 27 4 38 41 305 61 23 137 138 25 177 14 48 11 20 16 10 75 196 1005 128 148 36 113 5 29 13 29 15 8 122 16 16 53 23 31 4 3 9 11 0 3 13 33 2 26 1 1 4 56 624 1886 798 532 31 92 1441 571 862 63 72 35 819 441 148 199 1262 450 89 2732 31 168 7 3 22 27 5 48 3 20 0 47 57 6461 12293 4656 17905 1082 2964 2012 133 150 100 926 275 1133 1163 39 2233
1 1 18 0 0 0 2 3 1 0 0 0 8 0 0 2 0 23 0 0 0 0 0 0 1 0 0 12 2 1 0 12 3 7 20 4 5 0 8 0 4 1 2 2 4 2 1 16 20 0 7 18 15 33 0 0 10 2 1 1 0 11 0 7 2 11 16 78 18 118 66 61 36 147 20 39 10 18 9 6 877 116 449 57 37 21 26 1 12 6 10 1 3 68 15 9 15 8 23 0 1 1 10 0 3 4 7 1 66 36 26 40 100 227 884 556 276 7 11 373 46 74 5 25 5 102 58 77 26 2918 71 114 2317 267 133 4 1 36 7 0 6 9 72 0 45 1 88 61 282 1082 3143 2178 917 165 397 20 342 162 400 226 27 7937
1 5 2 1 1 2 1 2 2 0 1 0 10 2 5 2 0 9 0 0 0 0 0 0 1 0 1 12 4 2 5 47 4 8 24 5 7 0 13 6 11 3 2 8 7 10 10 49 29 6 25 41 38 87 1 2 26 4 5 3 4 31 0 37 7 52 56 498 110 56 233 307 44 231 19 40 6 16 15 4 4 43 216 33 28 12 26 0 9 7 6 2 3 57 13 7 7 11 15 1 0 2 9 0 0 4 15 2 59 46 28 28 282 114 417 252 107 9 21 195 92 98 3 15 5 116 52 28 11 64 21 60 203 135 106 0 1 44 6 7 13 14 279 1 1683 1 50 52 1455 2964 2178 3023 9111 153 239 23 214 76 233 197 22 30
1 2 9 0 0 0 0 1 2 0 0 0 5 2 2 2 0 12 0 0 0 0 0 0 2 5 4 5 2 2 5 185 3 21 32 10 20 8 11 15 10 3 4 16 7 12 14 113 79 19 50 77 66 148 1 1 64 6 12 9 17 85 1 110 22 114 156 1584 329 144 764 813 95 518 32 88 7 47 20 8 6 57 353 28 47 18 59 1 12 12 13 3 1 59 10 10 17 7 11 1 0 6 4 0 0 2 42 4 24 20 19 38 333 260 657 273 128 42 85 429 471 341 19 39 13 354 192 38 123 202 178 45 181 42 59 3 0 48 22 2 28 14 228 2 3757 9 149 308 3967 2012 917 9111 4104 118 119 32 459 80 437 548 19 61
6 7 31 2 4 4 3 5 6 1 1 1 6 3 45 5 10 49 1 2 5 48 0 5 47 7 3 16 4 10 9 38 7 28 67 4 7 10 22 11 13 0 6 8 9 12 24 63 22 7 23 36 44 130 25 11 98 13 10 0 2 75 6 24 1 33 38 308 68 69 172 132 154 640 73 148 22 51 46 18 57 61 245 41 30 23 56 2 22 46 19 11 23 43 36 200 19 258 38 7 21 64 721 0 89 226 79 5 54 41 34 173 252 200 119 982 190 30 35 31 22 8 6 3 1 13 16 43 8 163 65 338 104 901 2506 301 39 231 63 15 48 69 116 9 85 2 40 69 242 133 165 153 118 2122 2761 7230 2333 569 205 223 38 24
11 30 52 6 5 3 1 10 4 0 2 1 14 2 18 9 7 73 1 0 4 6 0 2 50 7 7 28 4 0 19 42 10 36 152 26 13 27 49 24 23 5 7 24 40 34 47 166 50 9 77 97 82 252 37 27 240 34 22 5 6 182 7 29 5 75 97 666 155 173 383 350 313 1391 139 263 34 62 82 34 10 93 254 63 29 26 14 2 20 41 26 10 18 87 33 44 34 75 34 3 5 4 22 0 2 11 2 1 75 27 31 189 232 67 213 1220 164 4 5 52 8 2 3 17 0 13 5 53 8 136 22 278 90 682 1290 9 6 197 3 4 40 140 117 3 47 2 35 53 143 150 397 239 119 2761 669 658 2261 567 183 178 69 12
5 57 124 1 4 3 0 3 1 0 0 0 9 3 23 3 4 204 0 2 5 17 0 1 18 3 0 42 5 6 4 3 2 9 47 13 3 4 5 1 1 0 4 0 1 4 7 3 0 0 5 6 6 19 15 4 16 8 2 1 0 9 2 3 0 5 5 34 12 14 15 13 46 189 114 87 38 69 69 104 44 20 1134 133 13 5 30 1 6 10 5 2 10 23 11 55 6 80 173 1 4 23 118 1 20 41 13 2 46 12 5 14 27 1153 198 1359 709 5 7 20 4 1 0 2 0 6 3 8 5 14 4 24 6 141 4058 42 6 32 12 2 11 9 15 3 8 0 8 11 88 100 20 23 32 7230 658 5677 1500 273 274 835 121 45
204 314 186 149 142 108 64 317 337 17 58 17 491 202 1101 267 282 82 72 92 156 550 4 29 347 58 38 259 169 128 32 22 32 78 153 45 32 36 68 35 19 7 6 13 19 33 31 110 16 10 12 24 17 86 151 39 242 88 38 11 10 209 17 14 7 29 43 220 59 69 91 104 163 412 203 1744 607 388 263 98 177 2355 2145 391 1061 1034 949 106 1042 1589 810 556 1086 2428 1388 4164 1129 5695 108 129 229 1003 6005 43 580 2818 419 23 497 170 137 83 189 425 999 1652 433 46 141 434 134 87 92 24 11 74 196 91 65 101 42 48 160 122 539 1842 313 1466 292 154 406 225 792 119 240 7 121 328 1644 926 342 214 459 2333 2261 1500 10006 9768 1747 2008 159 1109
840 504 735 196 286 218 145 735 489 40 109 24 1261 302 719 492 276 333 88 79 222 435 5 6 49 46 17 693 163 69 13 8 23 26 102 16 7 3 20 4 1 6 3 0 8 14 15 18 3 2 1 6 3 13 27 1 49 7 5 12 5 50 4 0 3 8 14 17 10 12 14 2 65 49 100 451 396 218 116 210 106 2768 2876 1867 624 874 747 219 1362 6289 853 746 1025 3808 1770 1561 1162 2225 322 254 113 318 1192 3 87 408 72 3 1089 556 117 40 44 426 507 899 356 21 70 170 69 46 95 37 16 60 208 76 54 87 31 15 104 27 286 271 50 201 88 24 306 58 199 34 26 10 70 188 294 275 162 76 80 569 567 273 9768 12296 7835 2014 464 452
268 169 525 46 102 62 68 312 218 16 43 17 664 131 545 241 157 443 44 40 89 316 7 8 153 31 16 482 113 66 27 12 24 71 108 26 21 17 27 12 16 8 6 8 12 31 24 96 13 6 1 14 3 22 68 23 134 37 16 10 5 148 11 3 2 19 15 112 47 16 42 37 58 64 93 226 439 245 129 287 88 3272 6969 2048 1708 1095 2909 70 738 1080 709 450 708 2708 825 2266 1205 3739 959 101 148 874 4823 49 584 1460 887 165 799 114 108 58 140 3583 1342 1306 555 212 661 364 285 124 147 45 7 144 264 93 86 116 53 20 190 42 584 2384 361 1119 848 241 631 209 511 44 179 14 161 369 1392 1133 400 233 437 205 183 274 1747 7835 8719 3583 1746 292
61 55 126 17 36 40 24 116 92 6 26 6 194 55 217 88 75 110 24 17 26 106 2 12 116 22 10 128 44 33 22 15 13 30 76 21 16 17 27 13 8 3 9 9 17 23 15 89 7 5 3 6 6 18 68 19 133 38 24 3 3 147 8 3 1 11 22 99 26 18 27 41 77 78 114 277 87 156 131 55 272 966 1410 459 566 453 535 28 322 345 294 188 215 986 381 810 507 1363 56 43 69 388 2243 12 274 947 328 42 228 38 38 36 112 286 398 1062 252 66 197 156 98 60 45 17 4 54 98 62 42 39 25 13 100 35 330 1142 164 883 312 129 233 131 555 34 229 5 81 226 1682 1163 226 197 548 223 178 835 2008 2014 3583 229 119 764
73 68 512 4 9 1 4 22 1 1 1 1 106 2 2 25 4 400 0 0 0 3 0 1 3 3 0 244 16 14 11 2 3 11 31 9 1 0 0 0 0 0 2 0 2 2 4 3 1 0 0 1 0 11 3 1 5 2 0 0 0 10 0 3 1 0 0 7 3 3 5 2 29 40 37 31 118 66 30 173 1 152 1005 2139 15 5 4 0 9 10 6 5 1 175 7 1 31 3 618 0 0 0 3 0 2 3 0 0 812 93 48 44 26 177 97 325 175 1 0 48 3 3 1 7 0 18 3 26 7 22 5 2 18 7 112 10 0 19 3 3 1 6 44 2 3 0 10 27 45 39 27 22 19 38 69 121 159 464 1746 119 80 10
12 19 7 10 18 18 5 20 19 1 5 3 19 11 142 16 66 5 8 7 31 143 4 25 150 39 56 7 12 8 12 0 3 6 9 4 8 9 11 5 2 1 1 1 2 4 6 9 157 2 1 2 192 66 119 20 63 45 9 5 5 54 2 6 0 15 6 31 47 144 7 2 142 13 78 134 97 108 304 8 49665 50 62 15 24 34 78 4 31 68 24 16 93 89 57 440 41 531 3 11 14 118 1035 4 136 465 70 5 14 9 11 10 28 25 72 76 21 8 34 23 14 6 19 2 4 9 22 8 153 15322 109 157 551 3130 1651 437 60 203 56 19 56 31 116 19 26 3 170 35 170 2233 7937 30 61 24 12 45 1109 452 292 764 10 322497
